 6.97191860E+16 3.21390692E+15      43.00
 5.99585000E+16 1.31710026E+16      50.00
 4.99654167E+16 6.28729354E+15      60.00
 4.10674658E+16 1.20512232E+16      73.00
 3.18928191E+16 6.21640425E+15      94.00
 2.25407895E+16 1.24848723E+16     133.00
 1.31655395E+16 3.12894379E+15     227.71
 1.31539862E+16 4.81041142E+14     227.91
 1.17106445E+16 1.92474657E+15     256.00
 1.02668664E+16 9.70059712E+14     292.00
 8.81742647E+15 1.90999546E+15     340.00
 7.40228395E+15 1.19210209E+15     405.00
 5.94979856E+15 7.26242696E+14     503.87
 5.94743786E+15 2.52635082E+14     504.07
 5.18896582E+15 1.01205121E+15     577.75
 4.42936188E+15 3.79963472E+14     676.83
 4.04960827E+15 5.06381131E+14     740.30
 3.66979019E+15 1.89980813E+14     816.92
 3.47988973E+15 2.52944793E+14     861.50
 3.29037339E+15 6.31079638E+13     911.12
 3.28965128E+15 1.14884904E+13     911.32
 3.26667429E+15 2.29053614E+13     917.73
 3.24384055E+15 3.73208990E+13     924.19
 3.19203250E+15 3.77115020E+13     939.19
 3.16841755E+15 1.51490168E+13     946.19
 3.16173446E+15 6.66901893E+12     948.19
 3.15507951E+15 6.64097389E+12     950.19
 3.14845251E+15 1.48019243E+13     952.19
 3.12547566E+15 1.60045873E+13     959.19
 3.11644334E+15 1.57730126E+13     961.97
 3.09392964E+15 1.44432836E+13     968.97
 3.08755677E+15 6.35976369E+12     970.97
 3.08121011E+15 6.33364467E+12     972.97
 3.07488948E+15 1.41200296E+13     974.97
 3.05297005E+15 3.39265819E+13     981.97
 3.00703632E+15 2.77173648E+13     996.97
 2.99753532E+15 2.68969391E+13    1000.13
 2.95324244E+15 3.22589969E+13    1015.13
 2.93301733E+15 1.29764688E+13    1022.13
 2.92728950E+15 5.71665837E+12    1024.13
 2.92158401E+15 5.69439566E+12    1026.13
 2.91590071E+15 1.27009439E+13    1028.13
 2.89618212E+15 3.05437497E+13    1035.13
 2.85481321E+15 5.38759429E+13    1050.13
 2.78843024E+15 8.80187733E+13    1075.13
 2.67877567E+15 1.07507849E+14    1119.14
 2.57341454E+15 7.97131386E+13    1164.96
 2.51934939E+15 4.27136924E+13    1189.96
 2.48798715E+15 2.28661369E+13    1204.96
 2.47361712E+15 9.22266153E+12    1211.96
 2.46954183E+15 4.06858304E+12    1213.96
 2.46547995E+15 4.05521007E+12    1215.96
 2.46143141E+15 9.05716087E+12    1217.96
 2.44736563E+15 2.18359830E+13    1224.96
 2.41775944E+15 1.14959220E+14    1239.96
 2.13216102E+15 3.59732930E+14    1406.05
 1.88028412E+15 1.55461652E+14    1594.40
 1.65817187E+15 2.79844005E+14    1807.97
 1.46215280E+15 1.29492114E+14    2050.35
 1.26627765E+15 2.44931241E+14    2367.51
 1.09665071E+15 1.03297226E+14    2733.71
 9.49750360E+14 1.83697691E+14    3156.54
 8.22523383E+14 3.86230752E+13    3644.79
 8.22478251E+14 3.91235918E+12    3644.99
 8.14653533E+14 7.74989264E+12    3680.00
 8.06978466E+14 7.60343297E+12    3715.00
 7.99446667E+14 7.46215226E+12    3750.00
 7.92054161E+14 7.32477312E+12    3785.00
 7.84797120E+14 7.19115321E+12    3820.00
 7.77671855E+14 5.56952795E+12    3855.00
 7.73658065E+14 3.00259403E+12    3875.00
 7.71666667E+14 1.49162866E+12    3885.00
 7.70674807E+14 1.48397436E+12    3890.00
 7.68698718E+14 2.94901074E+12    3900.00
 7.64776786E+14 4.38421322E+12    3920.00
 7.59930292E+14 4.33984305E+12    3945.00
 7.56097100E+14 2.39272762E+12    3965.00
 7.55144836E+14 1.42480609E+12    3970.00
 7.53247487E+14 2.83179314E+12    3980.00
 7.49481250E+14 3.74749994E+12    4000.00
 7.45752488E+14 3.71030322E+12    4020.00
 7.42060644E+14 3.67365757E+12    4040.00
 7.38405172E+14 3.45015837E+12    4060.00
 7.35160327E+14 2.97223890E+12    4077.92
 7.32460695E+14 1.97509506E+12    4092.95
 7.31210137E+14 7.99974624E+11    4099.95
 7.30860745E+14 3.55454569E+11    4101.91
 7.30499228E+14 3.60449934E+11    4103.94
 7.30139845E+14 7.99244950E+11    4105.96
 7.28900738E+14 1.94476377E+12    4112.94
 7.26250318E+14 1.21950796E+13    4127.95
 7.04510578E+14 1.58802537E+13    4255.33
 6.94489811E+14 6.21522701E+12    4316.73
 6.92080124E+14 1.75994659E+12    4331.76
 6.90969917E+14 7.15082338E+11    4338.72
 6.90649960E+14 3.19809506E+11    4340.73
 6.90330298E+14 3.20307605E+11    4342.74
 6.90009345E+14 7.15432295E+11    4344.76
 6.88899434E+14 1.73500994E+12    4351.76
 6.86539325E+14 6.71469039E+12    4366.72
 6.69640065E+14 2.29196040E+13    4476.92
 6.52169420E+14 1.15713172E+13    4596.85
 6.35560253E+14 2.16574989E+13    4716.98
 6.19700477E+14 6.11610391E+12    4837.70
 6.17779852E+14 1.40523963E+12    4852.74
 6.16889998E+14 5.69911129E+11    4859.74
 6.16640030E+14 2.54936283E+11    4861.71
 6.16380126E+14 2.55362938E+11    4863.76
 6.16129304E+14 5.69859129E+11    4865.74
 6.15240407E+14 1.38473445E+12    4872.77
 6.13359835E+14 1.77845433E+13    4887.71
 5.66040319E+14 5.84340579E+13    5296.31
 5.26390413E+14 1.61362713E+13    5695.25
 5.08470192E+14 2.90639877E+13    5895.97
 4.83870317E+14 2.17360789E+13    6195.72
 4.58420047E+14 1.32500165E+13    6539.69
 4.57370284E+14 7.69886741E+11    6554.70
 4.56880274E+14 3.15307642E+11    6561.73
 4.56739669E+14 1.40214347E+11    6563.75
 4.56599845E+14 1.40128085E+11    6565.76
 4.56459412E+14 3.10085846E+11    6567.78
 4.55979674E+14 7.59529244E+11    6574.69
 4.54940354E+14 1.91568250E+12    6589.71
 4.41179500E+14 2.76989624E+13    6795.25
 4.16669562E+14 1.48780872E+13    7194.97
 3.94739614E+14 3.47726384E+13    7594.69
 3.65560042E+14 1.06346018E+13    8200.91
 3.65551127E+14 2.57226594E+12    8201.11
 3.52697059E+14 2.26077133E+13    8500.00
 3.33102778E+14 1.33752538E+13    9000.00
 3.15571053E+14 2.22685376E+13    9500.00
 2.99792500E+14 9.89010390E+12   10000.00
 2.85516667E+14 1.82105362E+13   10500.00
 2.72538636E+14 8.18877662E+12   11000.00
 2.60689130E+14 1.51697116E+13   11500.00
 2.49827083E+14 6.89043352E+12   12000.00
 2.39834000E+14 1.28321768E+13   12500.00
 2.30609615E+14 5.87745122E+12   13000.00
 2.22068519E+14 1.09964946E+13   13500.00
 2.14137500E+14 6.78989646E+12   14000.00
 2.05626050E+14 4.25572486E+12   14579.50
 2.05623935E+14 1.79304183E+12   14579.65
 1.99861667E+14 8.16530539E+12   15000.00
 1.93414516E+14 4.32315833E+12   15500.00
 1.87370312E+14 7.82236695E+12   16000.00
 1.81692424E+14 3.65692225E+12   16500.00
 1.76348529E+14 6.92760890E+12   17000.00
 1.71310000E+14 3.25228783E+12   17500.00
 1.66551389E+14 6.17810039E+12   18000.00
 1.62050000E+14 2.91121342E+12   18500.00
 1.57785526E+14 5.54401028E+12   19000.00
 1.53739744E+14 2.62106372E+12   19500.00
 1.49896250E+14 5.00279320E+12   20000.00
 1.46240244E+14 2.37219132E+12   20500.00
 1.42758333E+14 4.53715329E+12   21000.00
 1.39438372E+14 2.15712800E+12   21500.00
 1.36269318E+14 4.13364247E+12   22000.00
 1.33241111E+14 1.80488582E+12   22500.00
 1.31601012E+14 8.20049770E+11   22780.41
 1.31598990E+14 1.14350665E+13   22780.76
 9.99308333E+13 3.83006444E+13   30000.00
 7.49481250E+13 1.24668667E+13   40000.00
 5.99585000E+13 1.73491030E+13   50000.00
 4.99654167E+13 4.68425781E+12   60000.00
 4.28275000E+13 8.50106047E+12   70000.00
 3.74740625E+13 1.96249595E+13   80000.00
 1.00000000E+12 1.82370312E+13 2997925.00
