#  Wav (A)    log gf    E (l, u) (eV)    rad    stark  waals
   226.03400  -1.230   0.0380  54.8906   0.00   0.00   0.00
   228.82600  -2.090   0.0000  54.1832   0.00   0.00   0.00
   228.88600  -1.620   0.0140  54.1832   0.00   0.00   0.00
   228.98700  -1.400   0.0380  54.1832   0.00   0.00   0.00
   232.70900  -4.880   0.0380  53.3171   0.00   0.00   0.00
   234.72300  -4.520   0.0380  52.8600   0.00   0.00   0.00
   235.46400  -4.330   0.0380  52.6938   0.00   0.00   0.00
   236.59000  -5.260   0.0380  52.4433   0.00   0.00   0.00
   236.71700  -5.540   2.5136  54.8906   0.00   0.00   0.00
   239.95800  -5.700   2.5136  54.1832   0.00   0.00   0.00
   240.85900  -1.428   0.0000  51.4763   0.00   0.00   0.00
   240.92500  -1.076   0.0140  51.4763   0.00   0.00   0.00
   240.92500  -1.554   0.0140  51.4763   0.00   0.00   0.00
   241.03700  -0.807   0.0380  51.4763   0.00   0.00   0.00
   241.03700  -1.554   0.0380  51.4763   0.00   0.00   0.00
   241.03700  -2.730   0.0380  51.4763   0.00   0.00   0.00
   241.33000  -5.720   0.0380  51.4138   0.00   0.00   0.00
   244.04900  -0.610   2.5136  53.3171   0.00   0.00   0.00
   246.26500  -0.773   2.5136  52.8600   0.00   0.00   0.00
   247.08000  -0.060   2.5136  52.6938   0.00   0.00   0.00
   247.81100  -5.410   0.0000  50.0323   0.00   0.00   0.00
   247.99900  -6.690   0.0380  50.0323   0.00   0.00   0.00
   248.09400  -4.760   0.0380  50.0133   0.00   0.00   0.00
   248.32000  -0.788   2.5136  52.4433   0.00   0.00   0.00
   248.61600  -0.590   0.0380  49.9083   0.00   0.00   0.00
   249.07500  -5.450   0.0380  49.8163   0.00   0.00   0.00
   251.73100  -4.440   7.4794  56.7325   0.00   0.00   0.00
   251.73100  -4.930   7.4794  56.7325   0.00   0.00   0.00
   253.22400  -5.160   2.5136  51.4763   0.00   0.00   0.00
   253.54800  -1.460   2.5136  51.4138   0.00   0.00   0.00
   253.90000  -4.450   7.4794  56.3119   0.00   0.00   0.00
   253.91900  -6.500   5.3544  54.1832   0.00   0.00   0.00
   254.59400  -6.580   0.0000  48.6992   0.00   0.00   0.00
   254.79300  -5.900   0.0380  48.6992   0.00   0.00   0.00
   255.03900  -2.240   0.0140  48.6283   0.00   0.00   0.00
   255.16500  -1.760   0.0380  48.6283   0.00   0.00   0.00
   256.42300  -0.531   7.4794  55.8313   0.00   0.00   0.00
   256.45900  -0.310   7.4794  55.8246   0.00   0.00   0.00
   256.50700  -0.163   7.4794  55.8155   0.00   0.00   0.00
   260.91900  -2.430   2.5136  50.0323   0.00   0.00   0.00
   261.02400  -0.432   2.5136  50.0133   0.00   0.00   0.00
   261.60200  -4.900   2.5136  49.9083   0.00   0.00   0.00
   262.11100  -0.934   2.5136  49.8163   0.00   0.00   0.00
   262.40600  -1.740   0.0000  47.2495   0.00   0.00   0.00
   262.48400  -3.040   0.0140  47.2495   0.00   0.00   0.00
   262.61700  -2.150   0.0380  47.2495   0.00   0.00   0.00
   262.74800  -3.020   0.0140  47.2021   0.00   0.00   0.00
   262.82900  -2.110   0.0380  47.2115   0.00   0.00   0.00
   262.88100  -0.660   0.0380  47.2021   0.00   0.00   0.00
   263.69400  -0.984   0.0000  47.0187   0.00   0.00   0.00
   263.72700  -0.632   0.0140  47.0268   0.00   0.00   0.00
   263.77300  -1.108   0.0140  47.0187   0.00   0.00   0.00
   263.81700  -0.360   0.0380  47.0347   0.00   0.00   0.00
   263.86100  -1.109   0.0380  47.0268   0.00   0.00   0.00
   263.90700  -2.284   0.0380  47.0187   0.00   0.00   0.00
   264.25800  -1.134   0.0000  46.9183   0.00   0.00   0.00
   264.32500  -1.133   0.0140  46.9205   0.00   0.00   0.00
   264.33700  -1.257   0.0140  46.9183   0.00   0.00   0.00
   264.34600  -1.035   0.0140  46.9168   0.00   0.00   0.00
   264.47200  -1.037   0.0380  46.9183   0.00   0.00   0.00
   264.48100  -0.559   0.0380  46.9168   0.00   0.00   0.00
   264.84900  -1.290   0.0140  46.8277   0.00   0.00   0.00
   264.98400  -2.700   0.0380  46.8277   0.00   0.00   0.00
   265.06000  -3.530   0.0140  46.7903   0.00   0.00   0.00
   265.19600  -2.710   0.0380  46.7903   0.00   0.00   0.00
   266.97200  -0.927   0.0000  46.4414   0.00   0.00   0.00
   266.98700  -0.575   0.0140  46.4528   0.00   0.00   0.00
   267.03100  -0.304   0.0380  46.4692   0.00   0.00   0.00
   267.05200  -1.053   0.0140  46.4414   0.00   0.00   0.00
   267.12400  -1.052   0.0380  46.4528   0.00   0.00   0.00
   267.19000  -2.229   0.0380  46.4414   0.00   0.00   0.00
   268.45000  -1.630   2.5136  48.6992   0.00   0.00   0.00
   268.86300  -6.070   2.5136  48.6283   0.00   0.00   0.00
   271.39500  -1.214   7.4794  53.1640   0.00   0.00   0.00
   271.51600  -1.360   7.4794  53.1436   0.00   0.00   0.00
   271.60900  -1.582   7.4794  53.1279   0.00   0.00   0.00
   275.28200  -1.859   0.0000  45.0394   0.00   0.00   0.00
   275.36800  -1.381   0.0140  45.0394   0.00   0.00   0.00
   275.51500  -1.161   0.0380  45.0394   0.00   0.00   0.00
   277.15000  -2.180   2.5136  47.2495   0.00   0.00   0.00
   277.38600  -0.118   2.5136  47.2115   0.00   0.00   0.00
   277.44400  -2.710   2.5136  47.2021   0.00   0.00   0.00
   277.51000  -1.100   5.3544  50.0323   0.00   0.00   0.00
   278.48700  -2.420   2.5136  47.0347   0.00   0.00   0.00
   278.53600  -2.050   2.5136  47.0268   0.00   0.00   0.00
   278.58700  -3.320   2.5136  47.0187   0.00   0.00   0.00
   278.80900  -3.960   0.0000  44.4697   0.00   0.00   0.00
   278.89700  -4.020   0.0140  44.4697   0.00   0.00   0.00
   279.04700  -3.930   0.0380  44.4697   0.00   0.00   0.00
   279.21700  -5.850   2.5136  46.9183   0.00   0.00   0.00
   279.22600  -5.370   2.5136  46.9168   0.00   0.00   0.00
   279.78800  -0.603   2.5136  46.8277   0.00   0.00   0.00
   280.02400  -1.040   2.5136  46.7903   0.00   0.00   0.00
   280.10900  -1.790   0.0140  44.2773   0.00   0.00   0.00
   280.23400  -1.880   0.0000  44.2436   0.00   0.00   0.00
   280.26100  -1.320   0.0380  44.2773   0.00   0.00   0.00
   280.32300  -2.010   0.0140  44.2436   0.00   0.00   0.00
   280.40800  -1.880   0.0140  44.2301   0.00   0.00   0.00
   280.47400  -1.790   0.0380  44.2436   0.00   0.00   0.00
   282.07000  -4.900   2.5136  46.4692   0.00   0.00   0.00
   282.17500  -5.640   2.5136  46.4528   0.00   0.00   0.00
   282.24800  -6.820   2.5136  46.4414   0.00   0.00   0.00
   286.04500  -2.270   5.3544  48.6992   0.00   0.00   0.00
   289.38900  -4.130   7.4794  50.3232   0.00   0.00   0.00
   289.43100  -4.880   7.4794  50.3171   0.00   0.00   0.00
   291.55400  -5.140   2.5136  45.0394   0.00   0.00   0.00
   294.09400  -4.530   7.4794  49.6378   0.00   0.00   0.00
   295.51200  -1.200   2.5136  44.4697   0.00   0.00   0.00
   295.62100  -0.071   7.4794  49.4201   0.00   0.00   0.00
   295.65500   0.151   7.4794  49.4153   0.00   0.00   0.00
   295.71600   0.297   7.4794  49.4066  10.19   0.00   0.00
   295.94200  -0.660   5.3544  47.2495   0.00   0.00   0.00
   296.25300  -0.490  14.8814  56.7325   0.00   0.00   0.00
   296.27800  -0.230  14.8849  56.7325   0.00   0.00   0.00
   296.27800  -0.730  14.8849  56.7325   0.00   0.00   0.00
   296.87400  -5.630   2.5136  44.2773   0.00   0.00   0.00
   297.11400  -3.240   2.5136  44.2436   0.00   0.00   0.00
   297.58200  -2.020   5.3544  47.0187   0.00   0.00   0.00
   298.30100  -6.040   5.3544  46.9183   0.00   0.00   0.00
   299.26200   0.110  14.8814  56.3119   0.00   0.00   0.00
   299.26200  -0.790  14.8814  56.3119   0.00   0.00   0.00
   299.28700  -0.230  14.8849  56.3119   0.00   0.00   0.00
   299.28700  -1.040  14.8849  56.3119   0.00   0.00   0.00
   299.28700  -2.260  14.8849  56.3119   0.00   0.00   0.00
   299.29100  -4.910  14.8855  56.3119   0.00   0.00   0.00
   300.44000   0.350  14.8814  56.1493   0.00   0.00   0.00
   300.44000  -0.710  14.8814  56.1493   0.00   0.00   0.00
   300.44000  -2.260  14.8814  56.1493   0.00   0.00   0.00
   300.46600  -3.110  14.8849  56.1493   0.00   0.00   0.00
   300.46600  -4.010  14.8849  56.1493   0.00   0.00   0.00
   300.47000  -4.550  14.8855  56.1493   0.00   0.00   0.00
   300.50000  -2.770   0.0000  41.2598   0.00   0.00   0.00
   300.60200  -3.830   0.0140  41.2598   0.00   0.00   0.00
   300.77700  -3.990   0.0380  41.2598   0.00   0.00   0.00
   301.64500  -3.120   0.0380  41.1410   0.00   0.00   0.00
   301.76300  -5.610   5.3544  46.4414   0.00   0.00   0.00
   303.41300  -0.750   0.0000  40.8636   0.00   0.00   0.00
   303.46100  -0.749   0.0140  40.8712   0.00   0.00   0.00
   303.51700  -0.876   0.0140  40.8636   0.00   0.00   0.00
   303.62200  -0.654   0.0140  40.8495   0.00   0.00   0.00
   303.69500  -0.655   0.0380  40.8636   0.00   0.00   0.00
   303.80000  -0.177   0.0380  40.8495   0.00   0.00   0.00
   305.59600  -0.298   0.0000  40.5717   0.00   0.00   0.00
   305.65600   0.055   0.0140  40.5778   0.00   0.00   0.00
   305.70200  -0.422   0.0140  40.5717   0.00   0.00   0.00
   305.76700   0.326   0.0380  40.5869   0.00   0.00   0.00
   305.83600  -0.422   0.0380  40.5778   0.00   0.00   0.00
   305.88200  -1.598   0.0380  40.5717   0.00   0.00   0.00
   308.05000  -3.050   0.0140  40.2625   0.00   0.00   0.00
   308.23300  -3.360   0.0380  40.2625   0.00   0.00   0.00
   308.30500  -1.940   0.0380  40.2532   0.00   0.00   0.00
   308.30700  -2.250   0.0140  40.2289   0.00   0.00   0.00
   308.49100  -3.050   0.0380  40.2289   0.00   0.00   0.00
   312.42400  -5.940   5.3544  45.0394   0.00   0.00   0.00
   316.97400  -1.830   5.3544  44.4697   0.00   0.00   0.00
   317.26600  -0.770  17.6532  56.7325   0.00   0.00   0.00
   317.26600  -1.330  17.6532  56.7325   0.00   0.00   0.00
   317.27900  -0.840  17.6547  56.7325   0.00   0.00   0.00
   318.81700  -3.900   5.3544  44.2436   0.00   0.00   0.00
   319.99400  -1.650   2.5136  41.2598   0.00   0.00   0.00
   320.71800  -0.170  17.6532  56.3119   0.00   0.00   0.00
   320.71800  -0.830  17.6532  56.3119   0.00   0.00   0.00
   320.71800  -0.860  17.6532  56.3119   0.00   0.00   0.00
   320.73100  -0.890  17.6547  56.3119   0.00   0.00   0.00
   320.97900   0.370   2.5136  41.1410   0.00   0.00   0.00
   322.07300   0.160  17.6532  56.1493   0.00   0.00   0.00
   322.07300  -0.740  17.6532  56.1493   0.00   0.00   0.00
   323.30000  -4.940   2.5136  40.8636   0.00   0.00   0.00
   323.41900  -3.060   2.5136  40.8495   0.00   0.00   0.00
   325.64900  -3.110   2.5136  40.5869   0.00   0.00   0.00
   325.72800  -3.310   2.5136  40.5778   0.00   0.00   0.00
   325.78000  -4.170   2.5136  40.5717   0.00   0.00   0.00
   328.44800  -0.075   2.5136  40.2625   0.00   0.00   0.00
   328.52900  -2.740   2.5136  40.2532   0.00   0.00   0.00
   328.74000  -1.620   2.5136  40.2289   0.00   0.00   0.00
   344.85900  -4.790   7.4794  43.4319   0.00   0.00   0.00
   345.31200  -0.140   5.3544  41.2598   0.00   0.00   0.00
   349.16400  -3.130   5.3544  40.8636   0.00   0.00   0.00
   349.82800  -0.537  14.8814  50.3232   0.00   0.00   0.00
   349.86300  -1.439  14.8849  50.3232   0.00   0.00   0.00
   349.88900  -1.440  14.8814  50.3171   0.00   0.00   0.00
   349.92300  -0.789  14.8849  50.3171   0.00   0.00   0.00
   349.92900  -1.456  14.8855  50.3171   0.00   0.00   0.00
   349.95900  -1.456  14.8849  50.3135   0.00   0.00   0.00
   349.96400  -0.980  14.8855  50.3135   0.00   0.00   0.00
   352.05900  -3.020   5.3544  40.5717   0.00   0.00   0.00
   355.13800   0.185  14.8814  49.7933   0.00   0.00   0.00
   355.30200  -0.878  14.8814  49.7772   0.00   0.00   0.00
   355.33700   0.024  14.8849  49.7772   0.00   0.00   0.00
   355.42900  -2.428  14.8814  49.7647   0.00   0.00   0.00
   355.46500  -0.877  14.8849  49.7647   0.00   0.00   0.00
   355.47100  -0.147  14.8855  49.7647   0.00   0.00   0.00
   356.56100  -1.553  14.8855  49.6580   0.00   0.00   0.00
   356.62400  -1.201  14.8849  49.6514   0.00   0.00   0.00
   356.63000  -1.679  14.8855  49.6514   0.00   0.00   0.00
   356.72700  -0.931  14.8814  49.6378   0.00   0.00   0.00
   356.76300  -1.680  14.8849  49.6378   0.00   0.00   0.00
   356.76900  -2.856  14.8855  49.6378   0.00   0.00   0.00
   359.01200  -4.610  14.8849  49.4201   0.00   0.00   0.00
   359.01700  -0.350   7.4794  42.0141   9.55   0.00   0.00
   359.06200  -4.390  14.8849  49.4153   0.00   0.00   0.00
   359.15200  -4.250  14.8849  49.4066   0.00   0.00   0.00
   359.22500  -0.497   7.4794  41.9941   0.00   0.00   0.00
   359.38600  -0.719   7.4794  41.9787   0.00   0.00   0.00
   364.73400  -0.525  14.8814  48.8748   9.59   0.00   0.00
   364.77100  -1.427  14.8849  48.8748   0.00   0.00   0.00
   364.82800  -1.427  14.8814  48.8661   0.00   0.00   0.00
   364.86500  -0.778  14.8849  48.8661   0.00   0.00   0.00
   364.87100  -1.445  14.8855  48.8661   0.00   0.00   0.00
   364.92900  -1.444  14.8849  48.8601   0.00   0.00   0.00
   364.93500  -0.967  14.8855  48.8601   0.00   0.00   0.00
   366.19100  -4.575   0.0000  33.8581   0.00   0.00   0.00
   366.34300  -4.411   0.0140  33.8581   0.00   0.00   0.00
   366.60200  -4.517   0.0380  33.8581   0.00   0.00   0.00
   369.65800  -4.760  23.1920  56.7325   0.00   0.00   0.00
   373.80300  -1.002   0.0140  33.1827   0.00   0.00   0.00
   374.00400  -1.101   0.0000  33.1509   0.00   0.00   0.00
   374.07300  -0.524   0.0380  33.1827   0.00   0.00   0.00
   374.16200  -1.225   0.0140  33.1509   0.00   0.00   0.00
   374.32800  -1.099   0.0140  33.1362   0.00   0.00   0.00
   374.35400  -4.770  23.1920  56.3119   0.00   0.00   0.00
   374.43200  -1.002   0.0380  33.1509   0.00   0.00   0.00
   379.50800  -0.051  17.6532  50.3232   0.00   0.00   0.00
   379.58000  -0.799  17.6532  50.3171   0.00   0.00   0.00
   379.58100  -0.322  17.6533  50.3171   0.00   0.00   0.00
   379.62100  -1.976  17.6532  50.3135   0.00   0.00   0.00
   379.62200  -0.799  17.6533  50.3135   0.00   0.00   0.00
   379.63900  -0.675  17.6547  50.3135   0.00   0.00   0.00
   383.89700  -0.820  24.4360  56.7325   0.00   0.00   0.00
   383.89700  -0.930  24.4360  56.7325   0.00   0.00   0.00
   383.89700  -1.030  24.4360  56.7325   0.00   0.00   0.00
   385.95800   0.130  17.6532  49.7772   0.00   0.00   0.00
   386.10900  -0.770  17.6532  49.7647   0.00   0.00   0.00
   387.39700  -0.893  17.6533  49.6580   0.00   0.00   0.00
   387.47700  -0.796  17.6532  49.6514   0.00   0.00   0.00
   387.47800  -1.018  17.6533  49.6514   0.00   0.00   0.00
   387.49600  -0.894  17.6547  49.6514   0.00   0.00   0.00
   387.64100  -0.319  17.6532  49.6378   0.00   0.00   0.00
   387.64200  -0.796  17.6533  49.6378   0.00   0.00   0.00
   388.96400  -0.610  24.4360  56.3119   0.00   0.00   0.00
   388.96400  -1.130  24.4360  56.3119   0.00   0.00   0.00
   390.95700  -3.650  24.4360  56.1493   0.00   0.00   0.00
   395.55800  -0.705   2.5136  33.8581   0.00   0.00   0.00
   397.11400  -0.809  17.6532  48.8748   0.00   0.00   0.00
   397.22500  -1.558  17.6532  48.8661   0.00   0.00   0.00
   397.22700  -1.080  17.6533  48.8661   0.00   0.00   0.00
   397.30100  -2.734  17.6532  48.8601   0.00   0.00   0.00
   397.30200  -1.558  17.6533  48.8601   0.00   0.00   0.00
   397.32100  -1.433  17.6547  48.8601   0.00   0.00   0.00
   404.26800  -4.981   2.5136  33.1827   0.00   0.00   0.00
   404.67400  -1.230  26.0942  56.7325   0.00   0.00   0.00
   404.67400  -1.390  26.0942  56.7325   0.00   0.00   0.00
   404.67400  -2.660  26.0942  56.7325   0.00   0.00   0.00
   404.68800  -4.029   2.5136  33.1509   0.00   0.00   0.00
   410.30800  -0.460  26.0942  56.3119   0.00   0.00   0.00
   410.30800  -0.970  26.0942  56.3119   0.00   0.00   0.00
   412.52700  -0.120  26.0942  56.1493   0.00   0.00   0.00
   434.26700  -0.569  14.8814  43.4319   0.00   0.00   0.00
   434.32000  -1.318  14.8849  43.4319   0.00   0.00   0.00
   434.32900  -2.494  14.8855  43.4319   0.00   0.00   0.00
   434.64800  -0.840  14.8849  43.4104   0.00   0.00   0.00
   434.65700  -1.318  14.8855  43.4104   0.00   0.00   0.00
   434.84600  -1.193  14.8855  43.3980   0.00   0.00   0.00
   434.98000  -0.805   5.3544  33.8581   0.00   0.00   0.00
   446.04700  -4.040   5.3544  33.1509   0.00   0.00   0.00
   447.12200  -5.796   7.4794  35.2091  10.01   0.00   0.00
   447.55800  -5.312   7.4794  35.1821  10.01   0.00   0.00
   447.93200  -6.032  14.8855  42.5650  10.10   0.00   0.00
   456.98400  -4.480  23.1920  50.3232   0.00   0.00   0.00
   468.82900  -4.880  23.1920  49.6378   0.00   0.00   0.00
   472.72000  -0.300  23.1920  49.4201   0.00   0.00   0.00
   472.80600  -0.080  23.1920  49.4153   0.00   0.00   0.00
   472.96300   0.070  23.1920  49.4066   0.00   0.00   0.00
   475.14600  -5.307   0.0000  26.0942  10.09   0.00   0.00
   475.40100  -4.098   0.0140  26.0942  10.09   0.00   0.00
   475.83800  -4.831   0.0380  26.0942  10.09   0.00   0.00
   479.05900  -0.340  24.4360  50.3171   0.00   0.00   0.00
   479.12500  -0.810  24.4360  50.3135   0.00   0.00   0.00
   480.96000  -0.615  17.6532  43.4319   0.00   0.00   0.00
   480.96200  -1.092  17.6533  43.4319   0.00   0.00   0.00
   481.36300  -1.092  17.6532  43.4104   0.00   0.00   0.00
   481.36500  -1.315  17.6533  43.4104   0.00   0.00   0.00
   481.39200  -1.189  17.6547  43.4104   0.00   0.00   0.00
   481.59700  -1.189  17.6533  43.3980   0.00   0.00   0.00
   489.50600  -3.690  24.4360  49.7647   0.00   0.00   0.00
   491.57600  -1.377  24.4360  49.6580   0.00   0.00   0.00
   491.70700  -0.899  24.4360  49.6514   0.00   0.00   0.00
   491.97100  -0.677  24.4360  49.6378   0.00   0.00   0.00
   497.69900  -5.397  17.6533  42.5650  10.15   0.00   0.00
   507.39100  -0.730   0.0000  24.4360   0.00   0.00   0.00
   507.68300  -0.253   0.0140  24.4360   0.00   0.00   0.00
   508.18200  -0.030   0.0380  24.4360   0.00   0.00   0.00
   511.85300  -1.580  26.0942  50.3171   0.00   0.00   0.00
   511.92900  -1.180  26.0942  50.3135   0.00   0.00   0.00
   523.79800  -0.170  26.0942  49.7647   0.00   0.00   0.00
   525.79500   0.077   2.5136  26.0942  10.09   0.00   0.00
   526.16900  -2.400  26.0942  49.6580   0.00   0.00   0.00
   526.31800  -2.400  26.0942  49.6514   0.00   0.00   0.00
   526.62100  -3.370  26.0942  49.6378   0.00   0.00   0.00
   534.92900  -5.586   0.0140  23.1920   0.00   0.00   0.00
   535.48100  -4.256   0.0380  23.1920   0.00   0.00   0.00
   554.27000  -1.544  14.8814  37.2505   0.00   0.00   0.00
   554.35700  -2.291  14.8849  37.2505   0.00   0.00   0.00
   554.37200  -3.467  14.8855  37.2505   0.00   0.00   0.00
   554.75900  -1.813  14.8849  37.2343   0.00   0.00   0.00
   554.77300  -2.292  14.8855  37.2343   0.00   0.00   0.00
   555.02600  -2.165  14.8855  37.2242   0.00   0.00   0.00
   560.95100  -3.989  14.8814  36.9841   9.73   0.00   0.00
   561.03900  -4.734  14.8849  36.9841   9.73   0.00   0.00
   561.05500  -6.196  14.8855  36.9841   9.73   0.00   0.00
   565.56500  -4.430   2.5136  24.4360   0.00   0.00   0.00
   574.06000  -1.988  14.8814  36.4794   0.00   0.00   0.00
   574.15300  -2.890  14.8849  36.4794   0.00   0.00   0.00
   574.78600  -2.890  14.8814  36.4521   0.00   0.00   0.00
   574.88000  -2.241  14.8849  36.4521   0.00   0.00   0.00
   574.89500  -2.908  14.8855  36.4521   0.00   0.00   0.00
   575.33100  -2.908  14.8849  36.4352   0.00   0.00   0.00
   575.34700  -2.431  14.8855  36.4352   0.00   0.00   0.00
   597.81800  -0.621   5.3544  26.0942  10.09   0.00   0.00
   599.59000   0.260   2.5136  23.1920   9.83   0.00   0.00
   599.59800   0.164   2.5136  23.1920   0.00   0.00   0.00
   609.70500  -0.564  14.8855  35.2208  10.04   0.00   0.00
   610.03900  -0.212  14.8849  35.2091  10.04   0.00   0.00
   610.05700  -0.690  14.8855  35.2091  10.04   0.00   0.00
   610.74500   0.058  14.8814  35.1821  10.04   0.00   0.00
   610.85000  -0.690  14.8849  35.1821  10.04   0.00   0.00
   610.86800  -1.866  14.8855  35.1821  10.04   0.00   0.00
   632.66500  -2.275  17.6532  37.2505   0.00   0.00   0.00
   632.66800  -2.753  17.6533  37.2505   0.00   0.00   0.00
   633.18800  -2.753  17.6532  37.2343   0.00   0.00   0.00
   633.19100  -2.975  17.6533  37.2343   0.00   0.00   0.00
   633.23800  -2.850  17.6547  37.2343   0.00   0.00   0.00
   633.52000  -2.850  17.6533  37.2242   0.00   0.00   0.00
   641.38300  -7.611  17.6532  36.9841   9.84   0.00   0.00
   641.38700  -4.972  17.6533  36.9841   9.84   0.00   0.00
   644.42300  -1.471  17.6532  36.8930   0.00   0.00   0.00
   644.42600  -1.691  17.6533  36.8930   0.00   0.00   0.00
   644.47500  -2.170  17.6547  36.8930   0.00   0.00   0.00
   649.76400  -4.984   5.3544  24.4360   0.00   0.00   0.00
   652.69600  -1.270  24.4360  43.4319   0.00   0.00   0.00
   653.43800  -1.460  24.4360  43.4104   0.00   0.00   0.00
   653.86500  -1.370  24.4360  43.3980   0.00   0.00   0.00
   658.57900  -1.556  17.6532  36.4794   0.00   0.00   0.00
   658.72200  -0.910  23.1920  42.0141   0.00   0.00   0.00
   659.42200  -1.050  23.1920  41.9941   0.00   0.00   0.00
   659.53600  -2.305  17.6532  36.4521   0.00   0.00   0.00
   659.53900  -1.828  17.6533  36.4521   0.00   0.00   0.00
   659.96500  -1.270  23.1920  41.9787   0.00   0.00   0.00
   660.12900  -3.480  17.6532  36.4352   0.00   0.00   0.00
   660.13300  -2.305  17.6533  36.4352   0.00   0.00   0.00
   660.18400  -2.180  17.6547  36.4352   0.00   0.00   0.00
   683.90800  -3.972  24.4360  42.5650  10.23   0.00   0.00
   702.33200  -0.871   0.0000  17.6533   9.40   0.00   0.00
   702.82200  -0.868   0.0140  17.6547   0.00   0.00   0.00
   702.83800  -0.730   0.0140  17.6547   9.40   0.00   0.00
   702.89900  -0.781   0.0140  17.6532   9.39   0.00   0.00
   702.89900  -0.985   0.0140  17.6533   9.40   0.00   0.00
   703.85000  -0.293   0.0380  17.6532   9.39   0.00   0.00
   703.85000  -0.775   0.0380  17.6533   9.40   0.00   0.00
   705.76600  -1.270  17.6533  35.2208  10.10   0.00   0.00
   706.23300  -1.173  17.6532  35.2091  10.10   0.00   0.00
   706.23700  -1.396  17.6533  35.2091  10.10   0.00   0.00
   706.29500  -1.271  17.6547  35.2091  10.10   0.00   0.00
   707.32000  -0.697  17.6532  35.1821  10.10   0.00   0.00
   707.32400  -1.173  17.6533  35.1821  10.10   0.00   0.00
   715.12000  -2.700  26.0942  43.4319   0.00   0.00   0.00
   716.01100  -1.470  26.0942  43.4104   0.00   0.00   0.00
   716.52400  -1.320  26.0942  43.3980   0.00   0.00   0.00
   719.06900  -0.994  36.0746  53.3171   0.00   0.00   0.00
   738.65200  -0.506  36.0746  52.8600   0.00   0.00   0.00
   752.76000  -0.302  26.0942  42.5650  10.38   0.00   0.00
   759.11100  -1.260  36.9841  53.3171   0.00   0.00   0.00
   775.33700  -4.240  36.4521  52.4433   0.00   0.00   0.00
   788.51500  -1.417  33.1362  48.8601   0.00   0.00   0.00
   788.95300  -1.066  33.1509  48.8661   0.00   0.00   0.00
   789.22900  -1.328  36.9841  52.6938   0.00   0.00   0.00
   789.25200  -1.544  33.1509  48.8601   0.00   0.00   0.00
   790.11500  -0.796  33.1827  48.8748   0.00   0.00   0.00
   790.55600  -1.544  33.1827  48.8661   0.00   0.00   0.00
   790.85500  -2.720  33.1827  48.8601   0.00   0.00   0.00
   808.29100  -1.111  36.0746  51.4138   0.00   0.00   0.00
   816.08400  -4.100  37.2505  52.4433   0.00   0.00   0.00
   818.94400  -5.097   2.5136  17.6533   0.00   0.00   0.00
   818.94900  -5.473   2.5136  17.6532   0.00   0.00   0.00
   824.31000  -2.049  36.4352  51.4763   0.00   0.00   0.00
   824.31000  -2.527  36.4352  51.4763   0.00   0.00   0.00
   825.23800  -1.861  36.4521  51.4763   0.00   0.00   0.00
   825.23800  -2.510  36.4521  51.4763   0.00   0.00   0.00
   825.23800  -2.528  36.4521  51.4763   0.00   0.00   0.00
   826.74100  -1.609  36.4794  51.4763   0.00   0.00   0.00
   826.74100  -2.512  36.4794  51.4763   0.00   0.00   0.00
   827.74900  -3.240  36.4352  51.4138   0.00   0.00   0.00
   828.68500  -4.510  36.4521  51.4138   0.00   0.00   0.00
   832.92700  -0.973   0.0000  14.8855   8.93   0.00   0.00
   833.71500  -1.111   0.0140  14.8855   8.93   0.00   0.00
   833.74200  -0.622   0.0140  14.8849   8.93   0.00   0.00
   835.05900  -2.310   0.0380  14.8855   8.93   0.00   0.00
   835.09600  -1.123   0.0380  14.8849   8.93   0.00   0.00
   835.28900  -0.358   0.0380  14.8814   8.93   0.00   0.00
   844.49500  -0.483  38.0122  52.6938   0.00   0.00   0.00
   853.84500  -4.160  36.8930  51.4138   0.00   0.00   0.00
   859.15900  -0.891  38.0122  52.4433   0.00   0.00   0.00
   869.94300  -1.705  37.2242  51.4763   0.00   0.00   0.00
   870.56400  -1.353  37.2343  51.4763   0.00   0.00   0.00
   870.56400  -1.831  37.2343  51.4763   0.00   0.00   0.00
   871.55500  -1.081  37.2505  51.4763   0.00   0.00   0.00
   871.55500  -1.831  37.2505  51.4763   0.00   0.00   0.00
   871.55500  -3.007  37.2505  51.4763   0.00   0.00   0.00
   874.40100  -4.800  37.2343  51.4138   0.00   0.00   0.00
   875.40000  -4.370  37.2505  51.4138   0.00   0.00   0.00
   888.29300  -2.170  36.0746  50.0323   0.00   0.00   0.00
   898.95700   0.107  23.1920  36.9841  10.05   0.00   0.00
   902.25500  -0.916  36.0746  49.8163   0.00   0.00   0.00
   904.47400  -2.740  36.0746  49.7826   0.00   0.00   0.00
   911.85000  -4.000  36.4352  50.0323   0.00   0.00   0.00
   914.26800  -3.660  36.4521  50.0133   0.00   0.00   0.00
   920.86200  -4.110  38.0122  51.4763   0.00   0.00   0.00
   921.40000  -2.760  36.4521  49.9083   0.00   0.00   0.00
   923.27400  -1.570  36.4794  49.9083   0.00   0.00   0.00
   925.15600  -1.560  38.0122  51.4138   0.00   0.00   0.00
   926.56800  -2.950  36.4352  49.8163   0.00   0.00   0.00
   927.74000  -4.170  36.4521  49.8163   0.00   0.00   0.00
   928.30900  -0.691  36.4521  49.8081   0.00   0.00   0.00
   928.76300  -0.533  36.4794  49.8289   0.00   0.00   0.00
   928.90800  -0.863  36.4352  49.7826   0.00   0.00   0.00
   930.08600  -1.595  36.4521  49.7826   0.00   0.00   0.00
   930.21100  -1.595  36.4794  49.8081   0.00   0.00   0.00
   931.99500  -3.145  36.4794  49.7826   0.00   0.00   0.00
   943.61800  -4.930  36.8930  50.0323   0.00   0.00   0.00
   959.38900  -3.880  36.8930  49.8163   0.00   0.00   0.00
   967.54000  -3.078  24.4360  37.2505   0.00   0.00   0.00
   967.67000  -1.417  26.0942  38.9070   0.00   0.00   0.00
   968.11300  -4.120  37.2254  50.0323   0.00   0.00   0.00
   968.35200  -4.400  33.1827  45.9865   0.00   0.00   0.00
   968.76500  -3.303  24.4360  37.2343   0.00   0.00   0.00
   969.37200  -2.157  33.1362  45.9265   0.00   0.00   0.00
   969.46800  -2.059  33.1509  45.9399   0.00   0.00   0.00
   969.53500  -3.779  24.4360  37.2242   0.00   0.00   0.00
   970.48500  -2.280  33.1509  45.9265   0.00   0.00   0.00
   971.32600  -2.157  33.1509  45.9154   0.00   0.00   0.00
   971.46400  -3.520  37.2505  50.0133   0.00   0.00   0.00
   971.88800  -1.583  33.1827  45.9399   0.00   0.00   0.00
   972.91100  -2.061  33.1827  45.9265   0.00   0.00   0.00
   979.52100  -0.840  37.2505  49.9083   0.00   0.00   0.00
   982.09400  -1.236  36.0746  48.6992   0.00   0.00   0.00
   985.41800  -4.520  37.2343  49.8163   0.00   0.00   0.00
   986.68800  -4.030  37.2505  49.8163   0.00   0.00   0.00
   987.64200  -4.440  36.0746  48.6283   0.00   0.00   0.00
   988.06600  -4.030  37.2343  49.7826   0.00   0.00   0.00
   988.08100  -5.815  24.4360  36.9841  10.00   0.00   0.00
   989.34200  -4.470  37.2505  49.7826   0.00   0.00   0.00
   992.40800  -1.443  41.9787  54.4721   0.00   0.00   0.00
   992.66600  -1.428  41.9941  54.4843   0.00   0.00   0.00
   992.91700  -1.920  41.9787  54.4657   0.00   0.00   0.00
   993.09600  -2.098  33.1362  45.6209   0.00   0.00   0.00
   993.63800  -2.176  41.9941  54.4721   0.00   0.00   0.00
   994.14800  -1.444  41.9941  54.4657   0.00   0.00   0.00
   994.25500  -1.127  42.0141  54.4843   0.00   0.00   0.00
   994.26500  -1.620  33.1509  45.6209   0.00   0.00   0.00
   995.23000  -1.429  42.0141  54.4721   0.00   0.00   0.00
   996.81100  -1.400  33.1827  45.6209   0.00   0.00   0.00
  1002.15500  -5.985   2.5136  14.8855   0.00   0.00   0.00
  1002.20400  -5.560   2.5136  14.8849   0.00   0.00   0.00
  1002.48700  -4.722   2.5136  14.8814   0.00   0.00   0.00
  1002.63500  -1.440  41.9787  54.3446   0.00   0.00   0.00
  1002.93700  -1.040  41.9941  54.3564   0.00   0.00   0.00
  1003.25400  -1.330  41.9787  54.3370   0.00   0.00   0.00
  1003.33300  -0.760  42.0141  54.3715   0.00   0.00   0.00
  1003.89100  -1.220  41.9941  54.3446   0.00   0.00   0.00
  1004.51100  -1.810  41.9941  54.3370   0.00   0.00   0.00
  1004.56000  -1.320  42.0141  54.3564   0.00   0.00   0.00
  1005.51700  -2.150  42.0141  54.3446   0.00   0.00   0.00
  1007.76200  -1.220  33.1362  45.4392   0.00   0.00   0.00
  1007.87500  -0.868  33.1509  45.4526   0.00   0.00   0.00
  1008.10500  -5.375   5.3544  17.6533   0.00   0.00   0.00
  1008.38300  -0.597  33.1827  45.4782   0.00   0.00   0.00
  1008.96600  -1.345  33.1509  45.4392   0.00   0.00   0.00
  1010.49100  -1.345  33.1827  45.4526   0.00   0.00   0.00
  1010.96900  -3.270  36.4352  48.6992   0.00   0.00   0.00
  1011.58800  -2.522  33.1827  45.4392   0.00   0.00   0.00
  1012.36500  -3.920  36.4521  48.6992   0.00   0.00   0.00
  1015.55800  -3.370  33.1362  45.3448   0.00   0.00   0.00
  1016.78000  -2.880  33.1509  45.3448   0.00   0.00   0.00
  1016.84900  -2.795  36.4352  48.6283   0.00   0.00   0.00
  1018.26100  -1.619  36.4521  48.6283   0.00   0.00   0.00
  1019.87400  -1.621  36.4352  48.5921   0.00   0.00   0.00
  1020.54900  -0.872  36.4794  48.6283   0.00   0.00   0.00
  1020.78000  -1.497  36.4352  48.5813   0.00   0.00   0.00
  1021.29500  -1.144  36.4521  48.5921   0.00   0.00   0.00
  1022.27700  -1.500  33.8581  45.9865   0.00   0.00   0.00
  1026.21800  -3.890  33.8581  45.9399   0.00   0.00   0.00
  1031.37200  -2.072  35.1821  47.2035   0.00   0.00   0.00
  1031.48500  -2.670  38.0122  50.0323   0.00   0.00   0.00
  1031.49300  -1.596  35.1821  47.2021   0.00   0.00   0.00
  1031.74300  -6.171  23.1920  35.2091  10.23   0.00   0.00
  1033.12300  -0.589  38.0122  50.0133   0.00   0.00   0.00
  1033.48900  -2.170  35.2091  47.2059   0.00   0.00   0.00
  1033.69300  -2.297  35.2091  47.2035   0.00   0.00   0.00
  1033.81500  -2.075  35.2091  47.2021   0.00   0.00   0.00
  1034.06500  -4.185  23.1920  35.1821  10.23   0.00   0.00
  1034.70400  -2.171  35.2208  47.2035   0.00   0.00   0.00
  1040.32000  -1.082  26.0942  38.0122   0.00   0.00   0.00
  1042.24000  -3.790  38.0122  49.9083   0.00   0.00   0.00
  1050.16900  -4.200  36.8930  48.6992   0.00   0.00   0.00
  1050.35800  -1.175  38.0122  49.8163   0.00   0.00   0.00
  1053.36600  -4.770  38.0122  49.7826   0.00   0.00   0.00
  1054.04500  -3.530  33.8581  45.6209   0.00   0.00   0.00
  1056.43300  -1.660  35.1821  46.9183   0.00   0.00   0.00
  1056.51400  -1.575  36.8930  48.6283   0.00   0.00   0.00
  1056.56900  -1.183  35.1821  46.9168   0.00   0.00   0.00
  1058.67400  -1.758  35.2091  46.9205   0.00   0.00   0.00
  1058.86800  -1.882  35.2091  46.9183   0.00   0.00   0.00
  1059.00500  -1.660  35.2091  46.9168   0.00   0.00   0.00
  1059.78100  -1.798  36.8930  48.5921   0.00   0.00   0.00
  1059.92900  -1.759  35.2208  46.9183   0.00   0.00   0.00
  1060.75900  -2.275  36.8930  48.5813   0.00   0.00   0.00
  1069.35400  -4.250  33.8581  45.4526   0.00   0.00   0.00
  1070.58200  -2.610  33.8581  45.4392   0.00   0.00   0.00
  1079.38400  -0.710  33.8581  45.3448   0.00   0.00   0.00
  1080.59600  -4.570  37.2254  48.6992   0.00   0.00   0.00
  1081.43800  -4.840  37.2343  48.6992   0.00   0.00   0.00
  1082.02100  -1.050  43.4319  54.8906   0.00   0.00   0.00
  1082.96700  -3.780  37.2505  48.6992   0.00   0.00   0.00
  1088.16800  -1.442  37.2343  48.6283   0.00   0.00   0.00
  1089.71700  -0.964  37.2505  48.6283   0.00   0.00   0.00
  1090.65700  -1.540  37.2242  48.5921   0.00   0.00   0.00
  1091.63300  -1.666  37.2343  48.5921   0.00   0.00   0.00
  1092.67200  -1.540  37.2343  48.5813   0.00   0.00   0.00
  1093.19200  -1.444  37.2505  48.5921   0.00   0.00   0.00
  1098.47300  -1.429  35.1821  46.4692   0.00   0.00   0.00
  1100.06400  -2.178  35.1821  46.4528   0.00   0.00   0.00
  1101.17700  -3.355  35.1821  46.4414   0.00   0.00   0.00
  1102.70500  -1.702  35.2091  46.4528   0.00   0.00   0.00
  1103.82300  -2.178  35.2091  46.4414   0.00   0.00   0.00
  1104.97600  -2.056  35.2208  46.4414   0.00   0.00   0.00
  1109.49600  -2.340  36.0746  47.2495   0.00   0.00   0.00
  1114.22800  -2.990  36.0746  47.2021   0.00   0.00   0.00
  1114.44300  -1.119  38.9070  50.0323   0.00   0.00   0.00
  1132.05700  -2.030  36.0746  47.0268   0.00   0.00   0.00
  1132.90200  -2.910  36.0746  47.0187   0.00   0.00   0.00
  1138.53500  -0.755  26.0942  36.9841  10.22   0.00   0.00
  1146.48900  -2.800  36.4352  47.2495   0.00   0.00   0.00
  1148.28500  -3.810  36.4521  47.2495   0.00   0.00   0.00
  1149.58400  -1.510  43.3980  54.1832   0.00   0.00   0.00
  1149.63400  -1.080  24.4360  35.2208  10.19   0.00   0.00
  1150.88400  -0.603  24.4360  35.2091  10.19   0.00   0.00
  1150.90600  -1.032  43.4104  54.1832   0.00   0.00   0.00
  1151.54300  -3.910  36.4352  47.2021   0.00   0.00   0.00
  1152.34800  -2.000  36.4521  47.2115   0.00   0.00   0.00
  1153.02200  -0.649  36.0746  46.8277   0.00   0.00   0.00
  1153.21500  -0.812  43.4319  54.1832   0.00   0.00   0.00
  1153.35400  -2.540  36.4521  47.2021   0.00   0.00   0.00
  1153.77500  -0.382  24.4360  35.1821  10.19   0.00   0.00
  1156.29100  -2.360  36.4794  47.2021   0.00   0.00   0.00
  1157.04100  -0.910  36.0746  46.7903   0.00   0.00   0.00
  1160.15500  -0.930  38.0122  48.6992   0.00   0.00   0.00
  1167.90400  -3.700  38.0122  48.6283   0.00   0.00   0.00
  1170.59600  -2.069  36.4352  47.0268   0.00   0.00   0.00
  1171.50000  -1.593  36.4352  47.0187   0.00   0.00   0.00
  1171.59300  -2.053  36.4521  47.0347   0.00   0.00   0.00
  1172.46800  -1.403  36.4521  47.0268   0.00   0.00   0.00
  1173.37400  -2.071  36.4521  47.0187   0.00   0.00   0.00
  1174.62300  -1.152  36.4794  47.0347   0.00   0.00   0.00
  1175.50300  -2.054  36.4794  47.0268   0.00   0.00   0.00
  1179.55300  -2.682  45.3201  55.8313   0.00   0.00   0.00
  1180.03900  -2.331  45.3244  55.8313   0.00   0.00   0.00
  1180.79200  -2.808  45.3244  55.8246   0.00   0.00   0.00
  1180.99300  -2.441  45.3329  55.8313   0.00   0.00   0.00
  1181.74800  -2.219  45.3329  55.8246   0.00   0.00   0.00
  1182.77000  -3.161  45.3329  55.8155   0.00   0.00   0.00
  1183.15000  -2.015  45.3453  55.8246   0.00   0.00   0.00
  1184.17400  -2.316  45.3453  55.8155   0.00   0.00   0.00
  1185.96100  -1.731  45.3611  55.8155   0.00   0.00   0.00
  1193.02800  -0.750  36.4352  46.8277   0.00   0.00   0.00
  1194.97200  -1.930  36.4521  46.8277   0.00   0.00   0.00
  1196.75300  -0.353  36.4521  46.8122   0.00   0.00   0.00
  1197.16600  -1.830  36.8930  47.2495   0.00   0.00   0.00
  1197.23900  -0.194  36.4794  46.8353   0.00   0.00   0.00
  1197.33100  -0.525  36.4352  46.7903   0.00   0.00   0.00
  1198.12500  -4.280  36.4794  46.8277   0.00   0.00   0.00
  1199.28900  -1.256  36.4521  46.7903   0.00   0.00   0.00
  1199.91500  -1.256  36.4794  46.8122   0.00   0.00   0.00
  1202.23600  -1.849  36.8930  47.2059   0.00   0.00   0.00
  1202.46500  -2.807  36.4794  46.7903   0.00   0.00   0.00
  1202.51200  -1.372  36.8930  47.2035   0.00   0.00   0.00
  1202.67700  -1.150  36.8930  47.2021   0.00   0.00   0.00
  1205.96300  -1.544  33.1509  43.4319   0.00   0.00   0.00
  1206.77100  -1.641  33.1362  43.4104   0.00   0.00   0.00
  1208.49800  -1.766  33.1509  43.4104   0.00   0.00   0.00
  1209.71100  -1.068  33.1827  43.4319   0.00   0.00   0.00
  1209.96000  -1.642  33.1509  43.3980   0.00   0.00   0.00
  1212.26200  -1.546  33.1827  43.4104   0.00   0.00   0.00
  1218.66500 -10.132   7.4794  17.6533   9.42   0.00   0.00
  1218.67700  -9.660   7.4794  17.6532   9.42   0.00   0.00
  1222.99800  -1.772  45.6934  55.8313   0.00   0.00   0.00
  1223.47600  -3.300  36.8930  47.0268   0.00   0.00   0.00
  1223.80800  -1.297  45.6934  55.8246   0.00   0.00   0.00
  1223.85500  -1.296  45.7005  55.8313   0.00   0.00   0.00
  1224.46200  -2.940  36.8930  47.0187   0.00   0.00   0.00
  1224.66600  -2.029  45.7005  55.8246   0.00   0.00   0.00
  1225.76400  -1.281  45.7005  55.8155   0.00   0.00   0.00
  1226.18400  -1.282  45.7131  55.8246   0.00   0.00   0.00
  1227.28400  -0.981  45.7131  55.8155   0.00   0.00   0.00
  1236.45300  -1.902  36.8930  46.9205   0.00   0.00   0.00
  1236.71800  -1.425  36.8930  46.9183   0.00   0.00   0.00
  1236.86800  -2.160  37.2254  47.2495   0.00   0.00   0.00
  1236.90400  -1.203  36.8930  46.9168   0.00   0.00   0.00
  1239.97600  -2.560  37.2505  47.2495   0.00   0.00   0.00
  1242.29100  -1.603  26.0942  36.0746   0.00   0.00   0.00
  1243.86500  -3.260  37.2343  47.2021   0.00   0.00   0.00
  1244.71600  -2.650  37.2505  47.2115   0.00   0.00   0.00
  1245.88900  -1.060  37.2505  47.2021   0.00   0.00   0.00
  1248.00100  -4.380  36.8930  46.8277   0.00   0.00   0.00
  1252.71000  -3.710  36.8930  46.7903   0.00   0.00   0.00
  1265.86700  -1.225  37.2242  47.0187   0.00   0.00   0.00
  1266.02800  -1.070  37.2254  47.0187   0.00   0.00   0.00
  1266.12600  -0.875  37.2343  47.0268   0.00   0.00   0.00
  1266.16400  -1.630  38.9070  48.6992   0.00   0.00   0.00
  1267.18300  -1.350  37.2343  47.0187   0.00   0.00   0.00
  1267.19900  -0.603  37.2505  47.0347   0.00   0.00   0.00
  1268.22300  -1.351  37.2505  47.0268   0.00   0.00   0.00
  1269.28400  -2.527  37.2505  47.0187   0.00   0.00   0.00
  1278.97000  -1.257  37.2242  46.9183   0.00   0.00   0.00
  1280.02900  -1.258  37.2343  46.9205   0.00   0.00   0.00
  1280.31300  -1.383  37.2343  46.9183   0.00   0.00   0.00
  1280.51300  -1.161  37.2343  46.9168   0.00   0.00   0.00
  1282.45800  -1.162  37.2505  46.9183   0.00   0.00   0.00
  1282.65800  -0.684  37.2505  46.9168   0.00   0.00   0.00
  1292.40900  -1.480  37.2343  46.8277   0.00   0.00   0.00
  1294.59400  -2.830  37.2505  46.8277   0.00   0.00   0.00
  1297.46100  -3.990  37.2343  46.7903   0.00   0.00   0.00
  1299.66300  -2.720  37.2505  46.7903   0.00   0.00   0.00
  1300.85600  -5.896   5.3544  14.8855   8.93   0.00   0.00
  1342.22400  -2.360  38.0122  47.2495   0.00   0.00   0.00
  1344.94300  -0.393  37.2505  46.4692   0.00   0.00   0.00
  1344.96200  -0.664  37.2343  46.4528   0.00   0.00   0.00
  1345.14000  -1.017  37.2242  46.4414   0.00   0.00   0.00
  1346.62600  -1.143  37.2343  46.4414   0.00   0.00   0.00
  1347.25500  -0.738  46.6285  55.8313   0.00   0.00   0.00
  1347.32800  -1.143  37.2505  46.4528   0.00   0.00   0.00
  1347.78000  -0.263  38.0122  47.2115   0.00   0.00   0.00
  1348.23700  -0.517  46.6285  55.8246   0.00   0.00   0.00
  1348.99800  -2.319  37.2505  46.4414   0.00   0.00   0.00
  1349.15600  -2.470  38.0122  47.2021   0.00   0.00   0.00
  1349.56800  -0.372  46.6285  55.8155   0.00   0.00   0.00
  1358.50900  -5.373  26.0942  35.2208  10.35   0.00   0.00
  1360.25600  -4.334  26.0942  35.2091  10.35   0.00   0.00
  1364.29600  -4.401  26.0942  35.1821  10.35   0.00   0.00
  1374.18000  -3.040  38.0122  47.0347   0.00   0.00   0.00
  1375.38400  -2.040  38.0122  47.0268   0.00   0.00   0.00
  1376.63200  -3.420  38.0122  47.0187   0.00   0.00   0.00
  1406.45500  -0.699  38.0122  46.8277   0.00   0.00   0.00
  1412.43900  -0.950  38.0122  46.7903   0.00   0.00   0.00
  1434.04100  -3.983  40.2289  48.8748   0.00   0.00   0.00
  1435.49400  -2.435  40.2289  48.8661   0.00   0.00   0.00
  1436.48200  -1.702  40.2289  48.8601   0.00   0.00   0.00
  1438.08100  -2.436  40.2532  48.8748   0.00   0.00   0.00
  1439.54300  -1.532  40.2532  48.8661   0.00   0.00   0.00
  1441.77700  -1.373  40.2753  48.8748   0.00   0.00   0.00
  1476.87300  -0.524  36.0746  44.4697   0.00   0.00   0.00
  1486.18200  -0.698  38.9070  47.2495   0.00   0.00   0.00
  1499.62500  -2.241  45.9154  54.1832   0.00   0.00   0.00
  1501.63300  -1.766  45.9265  54.1832   0.00   0.00   0.00
  1504.07600  -1.544  45.9399  54.1832   0.00   0.00   0.00
  1511.51600  -3.570  36.0746  44.2773   0.00   0.00   0.00
  1517.75600  -2.060  36.0746  44.2436   0.00   0.00   0.00
  1520.26400  -2.570  36.0746  44.2301   0.00   0.00   0.00
  1528.48200  -2.040  38.9070  47.0187   0.00   0.00   0.00
  1534.79000  -2.526  43.3980  51.4763   0.00   0.00   0.00
  1537.15000  -2.174  43.4104  51.4763   0.00   0.00   0.00
  1537.15000  -2.651  43.4104  51.4763   0.00   0.00   0.00
  1541.27000  -1.904  43.4319  51.4763   0.00   0.00   0.00
  1541.27000  -2.653  43.4319  51.4763   0.00   0.00   0.00
  1541.27000  -3.828  43.4319  51.4763   0.00   0.00   0.00
  1543.15200  -2.100  36.4352  44.4697   0.00   0.00   0.00
  1546.40700  -2.100  36.4521  44.4697   0.00   0.00   0.00
  1581.01500  -2.046  36.4352  44.2773   0.00   0.00   0.00
  1583.24300  -1.425  45.3329  53.1640   0.00   0.00   0.00
  1584.43100  -0.871  36.4521  44.2773   0.00   0.00   0.00
  1585.65900  -1.073  45.3244  53.1436   0.00   0.00   0.00
  1585.76100  -0.580  45.3453  53.1640   0.00   0.00   0.00
  1586.45900  -2.169  37.2242  45.0394   0.00   0.00   0.00
  1587.38200  -0.483  45.3329  53.1436   0.00   0.00   0.00
  1587.84400  -0.874  36.4352  44.2436   0.00   0.00   0.00
  1587.96200  -0.948  45.3201  53.1279   0.00   0.00   0.00
  1588.52700  -1.692  37.2343  45.0394   0.00   0.00   0.00
  1588.84200  -0.597  45.3244  53.1279   0.00   0.00   0.00
  1588.96600   0.005  45.3611  53.1640   0.00   0.00   0.00
  1589.91300  -0.280  45.3453  53.1436   0.00   0.00   0.00
  1589.97800  -0.125  36.4794  44.2773   0.00   0.00   0.00
  1590.57200  -0.706  45.3329  53.1279   0.00   0.00   0.00
  1590.58900  -0.748  36.4352  44.2301   0.00   0.00   0.00
  1591.28900  -0.396  36.4521  44.2436   0.00   0.00   0.00
  1591.82900  -1.472  37.2505  45.0394   0.00   0.00   0.00
  1636.38700  -2.640  36.8930  44.4697   0.00   0.00   0.00
  1649.80000  -1.734  45.3448  52.8600   0.00   0.00   0.00
  1660.80900  -6.342   0.0140   7.4794   0.00   0.00   0.00
  1661.24100  -0.680  45.7005  53.1640   0.00   0.00   0.00
  1664.03500  -0.378  45.7131  53.1640   0.00   0.00   0.00
  1664.21100  -0.696  45.6934  53.1436   0.00   0.00   0.00
  1665.79900  -1.429  45.7005  53.1436   0.00   0.00   0.00
  1666.15000  -5.943   0.0380   7.4794   0.00   0.00   0.00
  1667.71700  -1.174  45.6934  53.1279   0.00   0.00   0.00
  1668.60800  -0.682  45.7131  53.1436   0.00   0.00   0.00
  1669.31100  -0.698  45.7005  53.1279   0.00   0.00   0.00
  1679.02600  -0.857  36.8930  44.2773   0.00   0.00   0.00
  1686.73000  -1.081  36.8930  44.2436   0.00   0.00   0.00
  1689.82700  -1.560  36.8930  44.2301   0.00   0.00   0.00
  1711.48000  -3.370  37.2254  44.4697   0.00   0.00   0.00
  1713.59200  -3.170  37.2343  44.4697   0.00   0.00   0.00
  1717.43500  -4.150  37.2505  44.4697   0.00   0.00   0.00
  1760.40700  -0.711  37.2343  44.2773   0.00   0.00   0.00
  1764.46300  -0.234  37.2505  44.2773   0.00   0.00   0.00
  1766.31500  -0.807  37.2242  44.2436   0.00   0.00   0.00
  1766.62700  -0.880  37.2254  44.2436   0.00   0.00   0.00
  1768.87800  -0.935  37.2343  44.2436   0.00   0.00   0.00
  1772.28500  -0.810  37.2343  44.2301   0.00   0.00   0.00
  1772.97300  -0.713  37.2505  44.2436   0.00   0.00   0.00
  1803.82000  -1.350  45.9865  52.8600   0.00   0.00   0.00
  1848.50000  -1.751  45.9865  52.6938   0.00   0.00   0.00
  1897.10200  -0.250  46.6285  53.1640   0.00   0.00   0.00
  1903.04800  -0.399  46.6285  53.1436   0.00   0.00   0.00
  1906.48600  -3.490  45.9399  52.4433   0.00   0.00   0.00
  1907.63400  -0.622  46.6285  53.1279   0.00   0.00   0.00
  1920.01900  -0.113  38.0122  44.4697   0.00   0.00   0.00
  1920.24000  -0.986  45.9865  52.4433   0.00   0.00   0.00
  1978.98600  -2.910  38.0122  44.2773   0.00   0.00   0.00
  1989.69700  -2.150  38.0122  44.2436   0.00   0.00   0.00
  2037.45000  -2.374  44.2301  50.3135   0.00   0.00   0.00
  2040.76900  -2.022  44.2436  50.3171   0.00   0.00   0.00
  2041.97300  -2.499  44.2436  50.3135   0.00   0.00   0.00
  2042.28000  -1.166  45.3448  51.4138   0.00   0.00   0.00
  2050.08000  -1.753  44.2773  50.3232   0.00   0.00   0.00
  2052.16700  -2.502  44.2773  50.3171   0.00   0.00   0.00
  2053.09000  -2.123  45.4392  51.4763   0.00   0.00   0.00
  2053.09000  -2.601  45.4392  51.4763   0.00   0.00   0.00
  2053.38500  -3.676  44.2773  50.3135   0.00   0.00   0.00
  2057.62000  -1.935  45.4526  51.4763   0.00   0.00   0.00
  2057.62000  -2.585  45.4526  51.4763   0.00   0.00   0.00
  2057.62000  -2.603  45.4526  51.4763   0.00   0.00   0.00
  2066.42000  -1.685  45.4782  51.4763   0.00   0.00   0.00
  2066.42000  -2.587  45.4782  51.4763   0.00   0.00   0.00
  2074.56300  -3.170  45.4392  51.4138   0.00   0.00   0.00
  2139.64000  -4.210  45.6209  51.4138   0.00   0.00   0.00
  2152.76200  -2.510  40.2289  45.9865   0.00   0.00   0.00
  2153.30400  -4.180  33.1509  38.9070   0.00   0.00   0.00
  2161.88400  -3.510  40.2532  45.9865   0.00   0.00   0.00
  2165.39000  -1.229  40.2625  45.9865   0.00   0.00   0.00
  2170.32500  -4.250  40.2289  45.9399   0.00   0.00   0.00
  2175.43400  -3.030  40.2289  45.9265   0.00   0.00   0.00
  2179.59600  -2.710  40.2532  45.9399   0.00   0.00   0.00
  2181.57100  -3.026  35.1821  40.8636   0.00   0.00   0.00
  2183.16000  -3.190  40.2625  45.9399   0.00   0.00   0.00
  2187.01600  -2.550  35.1821  40.8495   0.00   0.00   0.00
  2188.32900  -3.820  40.2625  45.9265   0.00   0.00   0.00
  2189.04500  -3.126  35.2091  40.8712   0.00   0.00   0.00
  2191.98500  -3.250  35.2091  40.8636   0.00   0.00   0.00
  2196.53700  -3.125  35.2208  40.8636   0.00   0.00   0.00
  2197.48300  -3.029  35.2091  40.8495   0.00   0.00   0.00
  2220.92400  -7.258  36.9841  42.5650  10.21   0.00   0.00
  2228.16000  -0.840  38.9070  44.4697   0.00   0.00   0.00
  2228.92000  -1.408  45.9154  51.4763   0.00   0.00   0.00
  2233.36000  -1.056  45.9265  51.4763   0.00   0.00   0.00
  2233.36000  -1.532  45.9265  51.4763   0.00   0.00   0.00
  2238.77000  -0.785  45.9399  51.4763   0.00   0.00   0.00
  2238.77000  -1.533  45.9399  51.4763   0.00   0.00   0.00
  2238.77000  -2.709  45.9399  51.4763   0.00   0.00   0.00
  2257.77000  -3.150  45.9865  51.4763   0.00   0.00   0.00
  2264.33000  -3.570  45.9399  51.4138   0.00   0.00   0.00
  2276.88400  -2.190  48.9277  54.3715   0.00   0.00   0.00
  2280.21100  -1.880  48.9206  54.3564   0.00   0.00   0.00
  2280.81100  -1.000  48.9371  54.3715   0.00   0.00   0.00
  2283.12000  -1.870  48.9158  54.3446   0.00   0.00   0.00
  2283.21300  -0.860  48.9277  54.3564   0.00   0.00   0.00
  2283.77000  -1.198  45.9865  51.4138   0.00   0.00   0.00
  2285.14800  -0.870  48.9206  54.3446   0.00   0.00   0.00
  2285.66100  -0.140  48.9486  54.3715   0.00   0.00   0.00
  2286.33200  -1.030  48.9158  54.3370   0.00   0.00   0.00
  2286.33200  -2.821  44.2301  49.6514   0.00   0.00   0.00
  2287.16200  -0.300  48.9371  54.3564   0.00   0.00   0.00
  2288.16200  -0.490  48.9277  54.3446   0.00   0.00   0.00
  2288.36500  -0.730  48.9206  54.3370   0.00   0.00   0.00
  2289.04000  -4.300  40.5717  45.9865   0.00   0.00   0.00
  2289.20000  -2.821  44.2436  49.6580   0.00   0.00   0.00
  2291.61400  -4.840  40.5778  45.9865   0.00   0.00   0.00
  2292.03000  -2.947  44.2436  49.6514   0.00   0.00   0.00
  2293.26700  -2.020  35.1821  40.5869   0.00   0.00   0.00
  2295.50100  -3.380  40.5869  45.9865   0.00   0.00   0.00
  2297.16000  -2.769  35.1821  40.5778   0.00   0.00   0.00
  2297.79500  -2.726  44.2436  49.6378   0.00   0.00   0.00
  2299.75300  -3.946  35.1821  40.5717   0.00   0.00   0.00
  2306.41600  -2.728  44.2773  49.6514   0.00   0.00   0.00
  2308.71100  -2.294  35.2091  40.5778   0.00   0.00   0.00
  2308.90600  -2.389  40.5717  45.9399   0.00   0.00   0.00
  2311.32900  -2.772  35.2091  40.5717   0.00   0.00   0.00
  2311.52500  -1.212  40.5778  45.9399   0.00   0.00   0.00
  2312.25400  -2.251  44.2773  49.6378   0.00   0.00   0.00
  2314.68900  -1.213  40.5717  45.9265   0.00   0.00   0.00
  2315.48000  -0.466  40.5869  45.9399   0.00   0.00   0.00
  2316.39000  -2.648  35.2208  40.5717   0.00   0.00   0.00
  2317.32100  -0.737  40.5778  45.9265   0.00   0.00   0.00
  2319.47700  -1.089  40.5717  45.9154   0.00   0.00   0.00
  2320.95100  -9.760   0.0140   5.3544   0.00   0.00   0.00
  2322.58700  -2.960  38.9070  44.2436   0.00   0.00   0.00
  2331.39800 -12.287   0.0380   5.3544   0.00   0.00   0.00
  2359.63700  -2.130  49.6378  54.8906   0.00   0.00   0.00
  2361.23700  -2.711  40.2289  45.4782   0.00   0.00   0.00
  2372.21500  -1.164  40.2532  45.4782   0.00   0.00   0.00
  2372.83100  -1.162  40.2289  45.4526   0.00   0.00   0.00
  2375.41400  -2.284  43.4104  48.6283   0.00   0.00   0.00
  2376.43700  -4.310  40.2625  45.4782   0.00   0.00   0.00
  2378.89100  -0.433  40.2289  45.4392   0.00   0.00   0.00
  2382.29200  -0.104  40.2753  45.4782   0.00   0.00   0.00
  2383.91800  -0.263  40.2532  45.4526   0.00   0.00   0.00
  2385.27300  -1.806  43.4319  48.6283   0.00   0.00   0.00
  2386.28800  -2.382  43.3980  48.5921   0.00   0.00   0.00
  2388.18100  -2.410  40.2625  45.4526   0.00   0.00   0.00
  2390.43200  -0.380  36.0746  41.2598   0.00   0.00   0.00
  2391.99600  -2.506  43.4104  48.5921   0.00   0.00   0.00
  2394.32000  -2.470  40.2625  45.4392   0.00   0.00   0.00
  2396.98900  -2.382  43.4104  48.5813   0.00   0.00   0.00
  2401.99300  -2.287  43.4319  48.5921   0.00   0.00   0.00
  2412.83500  -2.920  40.8495  45.9865   0.00   0.00   0.00
  2418.06000  -2.810  49.7647  54.8906   0.00   0.00   0.00
  2419.49800  -3.970  40.8636  45.9865   0.00   0.00   0.00
  2420.52000  -1.683  49.3636  54.4843   0.00   0.00   0.00
  2421.14000  -0.838  49.3649  54.4843   0.00   0.00   0.00
  2422.80900  -2.460  40.2289  45.3448   0.00   0.00   0.00
  2423.99400  -1.270  49.7772  54.8906   0.00   0.00   0.00
  2425.90000  -0.252  49.3749  54.4843   0.00   0.00   0.00
  2426.31000  -0.742  49.3636  54.4721   0.00   0.00   0.00
  2426.57000  -1.334  49.3641  54.4721   0.00   0.00   0.00
  2426.92000  -0.538  49.3649  54.4721   0.00   0.00   0.00
  2429.36000  -0.964  49.3636  54.4657   0.00   0.00   0.00
  2429.61000  -0.856  49.3641  54.4657   0.00   0.00   0.00
  2429.69000  -1.208  49.3643  54.4657   0.00   0.00   0.00
  2431.61400  -0.190  49.7933  54.8906   0.00   0.00   0.00
  2434.91800  -1.218  40.8495  45.9399   0.00   0.00   0.00
  2438.81400  -0.426  40.2625  45.3448   0.00   0.00   0.00
  2441.04000  -0.519  49.4066  54.4843   0.00   0.00   0.00
  2441.35100  -1.696  40.8495  45.9265   0.00   0.00   0.00
  2441.70400  -1.696  40.8636  45.9399   0.00   0.00   0.00
  2445.23000  -0.820  49.4153  54.4843   0.00   0.00   0.00
  2446.93000  -0.821  49.4066  54.4721   0.00   0.00   0.00
  2448.17200  -1.920  40.8636  45.9265   0.00   0.00   0.00
  2451.13000  -1.570  49.4153  54.4721   0.00   0.00   0.00
  2451.85000  -1.795  40.8712  45.9265   0.00   0.00   0.00
  2453.45000  -0.839  49.4201  54.4721   0.00   0.00   0.00
  2453.52900  -1.796  40.8636  45.9154   0.00   0.00   0.00
  2454.24000  -0.839  49.4153  54.4657   0.00   0.00   0.00
  2454.77200  -2.880  40.5717  45.6209   0.00   0.00   0.00
  2454.96600  -0.508  33.8581  38.9070   0.00   0.00   0.00
  2456.56000  -1.316  49.4201  54.4657   0.00   0.00   0.00
  2457.73300  -2.340  40.5778  45.6209   0.00   0.00   0.00
  2475.70100  -1.490  49.3649  54.3715   0.00   0.00   0.00
  2480.68200  -0.800  49.3749  54.3715   0.00   0.00   0.00
  2482.53900  -1.360  49.3636  54.3564   0.00   0.00   0.00
  2483.18500  -1.120  49.3649  54.3564   0.00   0.00   0.00
  2488.19700  -1.490  49.3749  54.3564   0.00   0.00   0.00
  2488.39100  -1.560  49.3636  54.3446   0.00   0.00   0.00
  2488.66200  -1.410  49.3641  54.3446   0.00   0.00   0.00
  2489.04100  -1.360  49.3649  54.3446   0.00   0.00   0.00
  2492.20700  -1.420  49.3636  54.3370   0.00   0.00   0.00
  2492.47800  -2.260  49.3641  54.3370   0.00   0.00   0.00
  2492.56200  -1.660  49.3643  54.3370   0.00   0.00   0.00
  2496.03100  -4.655   2.5136   7.4794   0.00   0.00   0.00
  2496.51800  -1.880  49.4066  54.3715   0.00   0.00   0.00
  2504.12900  -2.460  49.4066  54.3564   0.00   0.00   0.00
  2508.53300  -2.160  49.4153  54.3564   0.00   0.00   0.00
  2510.08300  -3.300  49.4066  54.3446   0.00   0.00   0.00
  2514.50900  -2.360  49.4153  54.3446   0.00   0.00   0.00
  2516.94500  -2.580  49.4201  54.3446   0.00   0.00   0.00
  2518.40500  -2.950  49.4153  54.3370   0.00   0.00   0.00
  2520.84900  -2.470  49.4201  54.3370   0.00   0.00   0.00
  2529.32700  -1.694  40.5778  45.4782   0.00   0.00   0.00
  2534.06400  -0.793  40.5869  45.4782   0.00   0.00   0.00
  2539.46700  -1.712  40.5717  45.4526   0.00   0.00   0.00
  2542.63600  -1.047  40.5778  45.4526   0.00   0.00   0.00
  2546.40900  -1.236  40.5717  45.4392   0.00   0.00   0.00
  2547.42200  -1.697  40.5869  45.4526   0.00   0.00   0.00
  2549.59500  -1.714  40.5778  45.4392   0.00   0.00   0.00
  2549.67200  -3.745  33.1509  38.0122   0.00   0.00   0.00
  2558.03500  -0.169  41.1410  45.9865   0.00   0.00   0.00
  2566.48800  -3.928  33.1827  38.0122   0.00   0.00   0.00
  2569.10200  -1.850  36.4352  41.2598   0.00   0.00   0.00
  2578.13800  -3.880  36.4521  41.2598   0.00   0.00   0.00
  2582.86900  -2.780  41.1410  45.9399   0.00   0.00   0.00
  2584.08200  -3.610  36.0746  40.8712   0.00   0.00   0.00
  2588.18000  -2.180  36.0746  40.8636   0.00   0.00   0.00
  2595.84800  -4.400  36.0746  40.8495   0.00   0.00   0.00
  2596.79400  -2.570  40.5717  45.3448   0.00   0.00   0.00
  2597.69900  -0.438  40.8495  45.6209   0.00   0.00   0.00
  2600.10700  -3.140  40.5778  45.3448   0.00   0.00   0.00
  2605.42400  -0.661  40.8636  45.6209   0.00   0.00   0.00
  2609.59000  -1.139  40.8712  45.6209   0.00   0.00   0.00
  2622.28700  -1.205  41.2598  45.9865   0.00   0.00   0.00
  2643.41500  -1.910  36.4521  41.1410   0.00   0.00   0.00
  2644.22900  -3.980  45.3448  50.0323   0.00   0.00   0.00
  2656.00100  -4.540  41.2598  45.9265   0.00   0.00   0.00
  2658.89900  -4.290  36.4794  41.1410   0.00   0.00   0.00
  2665.68400  -0.444  41.9787  46.6285   0.00   0.00   0.00
  2674.58000  -0.225  41.9941  46.6285   0.00   0.00   0.00
  2677.81300  -1.138  40.8495  45.4782   0.00   0.00   0.00
  2683.65800  -0.699  45.0394  49.6580   0.00   0.00   0.00
  2686.15400  -0.079  42.0141  46.6285   0.00   0.00   0.00
  2687.54700  -0.223  45.0394  49.6514   0.00   0.00   0.00
  2692.73400  -1.888  40.8495  45.4526   0.00   0.00   0.00
  2695.47700  -0.004  45.0394  49.6378   0.00   0.00   0.00
  2700.54000  -3.066  40.8495  45.4392   0.00   0.00   0.00
  2701.03500  -1.413  40.8636  45.4526   0.00   0.00   0.00
  2708.88900  -1.891  40.8636  45.4392   0.00   0.00   0.00
  2710.13300  -1.710  50.3171  54.8906   0.00   0.00   0.00
  2713.39300  -1.767  40.8712  45.4392   0.00   0.00   0.00
  2713.78200  -0.810  50.3232  54.8906   0.00   0.00   0.00
  2717.75000  -4.830  45.4526  50.0133   0.00   0.00   0.00
  2726.89000  -0.572  49.6378  54.1832   0.00   0.00   0.00
  2735.06000  -0.795  49.6514  54.1832   0.00   0.00   0.00
  2739.09000  -1.273  49.6580  54.1832   0.00   0.00   0.00
  2752.48600  -2.120  36.0746  40.5778   0.00   0.00   0.00
  2756.20900  -2.140  36.0746  40.5717   0.00   0.00   0.00
  2765.98000  -2.920  40.8636  45.3448   0.00   0.00   0.00
  2771.96000  -0.958  45.3448  49.8163   0.00   0.00   0.00
  2781.78500  -2.510  45.4526  49.9083   0.00   0.00   0.00
  2793.01600  -2.630  45.3448  49.7826   0.00   0.00   0.00
  2794.13900  -1.671  36.4352  40.8712   0.00   0.00   0.00
  2797.89100  -1.630  45.4782  49.9083   0.00   0.00   0.00
  2798.93100  -1.798  36.4352  40.8636   0.00   0.00   0.00
  2807.90000  -2.975  36.4352  40.8495   0.00   0.00   0.00
  2809.65900  -1.322  36.4521  40.8636   0.00   0.00   0.00
  2818.69700  -1.800  36.4521  40.8495   0.00   0.00   0.00
  2831.76700  -2.930  45.4392  49.8163   0.00   0.00   0.00
  2836.30800  -1.055  36.4794  40.8495   0.00   0.00   0.00
  2838.43900  -2.350  36.8930  41.2598   0.00   0.00   0.00
  2842.09600  -2.960  41.2598  45.6209   0.00   0.00   0.00
  2845.75000  -0.608  45.4526  49.8081   0.00   0.00   0.00
  2848.93000  -0.447  45.4782  49.8289   0.00   0.00   0.00
  2853.75000  -0.780  45.4392  49.7826   0.00   0.00   0.00
  2857.84100  -4.820  41.1410  45.4782   0.00   0.00   0.00
  2862.52000  -1.512  45.4526  49.7826   0.00   0.00   0.00
  2862.60000  -1.511  45.4782  49.8081   0.00   0.00   0.00
  2874.84200  -3.560  41.1410  45.4526   0.00   0.00   0.00
  2879.57000  -3.063  45.4782  49.7826   0.00   0.00   0.00
  2954.41200  -3.970  45.6209  49.8163   0.00   0.00   0.00
  2959.69500   0.080  36.0746  40.2625   0.00   0.00   0.00
  2965.65600  -2.420  41.2598  45.4392   0.00   0.00   0.00
  2983.61300  -1.980  36.0746  40.2289   0.00   0.00   0.00
  2983.78100   0.157  33.8581  38.0122   0.00   0.00   0.00
  2992.08100  -1.204  36.4352  40.5778   0.00   0.00   0.00
  2996.48000  -0.727  36.4352  40.5717   0.00   0.00   0.00
  2997.68900  -1.188  36.4521  40.5869   0.00   0.00   0.00
  3004.34400  -0.539  36.4521  40.5778   0.00   0.00   0.00
  3008.77900  -1.205  36.4521  40.5717   0.00   0.00   0.00
  3010.76100  -3.470  45.9154  50.0323   0.00   0.00   0.00
  3017.61500  -0.289  36.4794  40.5869   0.00   0.00   0.00
  3023.13900  -2.995  45.3201  49.4201   0.00   0.00   0.00
  3023.42500  -0.484  33.1509  37.2505   0.00   0.00   0.00
  3024.35900  -1.191  36.4794  40.5778   0.00   0.00   0.00
  3024.54000  -0.596  33.1362  37.2343   0.00   0.00   0.00
  3026.33000  -2.644  45.3244  49.4201   0.00   0.00   0.00
  3028.75900  -4.870  45.9399  50.0323   0.00   0.00   0.00
  3029.86000  -3.121  45.3244  49.4153   0.00   0.00   0.00
  3032.61500  -2.754  45.3329  49.4201   0.00   0.00   0.00
  3034.21900  -0.916  41.2598  45.3448   0.00   0.00   0.00
  3035.41400  -0.721  33.1509  37.2343   0.00   0.00   0.00
  3036.15900  -2.533  45.3329  49.4153   0.00   0.00   0.00
  3042.06700  -0.540  33.1509  37.2254   0.00   0.00   0.00
  3042.63600  -3.476  45.3329  49.4066   0.00   0.00   0.00
  3042.92900  -2.880  45.9399  50.0133   0.00   0.00   0.00
  3042.99400  -0.570  33.1509  37.2242   0.00   0.00   0.00
  3045.43400  -2.330  45.3453  49.4153   0.00   0.00   0.00
  3047.10000   0.016  33.1827  37.2505   0.00   0.00   0.00
  3051.95100  -2.631  45.3453  49.4066   0.00   0.00   0.00
  3059.27700  -0.435  33.1827  37.2343   0.00   0.00   0.00
  3063.63500  -2.600  45.9865  50.0323   0.00   0.00   0.00
  3063.85000  -2.047  45.3611  49.4066   0.00   0.00   0.00
  3064.97500  -1.037  45.3201  49.3641   0.00   0.00   0.00
  3068.12900  -1.038  45.3244  49.3643   0.00   0.00   0.00
  3068.25600  -1.640  45.3244  49.3641   0.00   0.00   0.00
  3068.66700  -0.795  45.3244  49.3636   0.00   0.00   0.00
  3072.34200  -3.260  37.2254  41.2598   0.00   0.00   0.00
  3074.13800  -0.739  45.3329  49.3649   0.00   0.00   0.00
  3074.71500  -0.796  45.3329  49.3641   0.00   0.00   0.00
  3075.12900  -0.942  45.3329  49.3636   0.00   0.00   0.00
  3075.95400  -0.864  45.3453  49.3749   0.00   0.00   0.00
  3078.13000  -0.541  45.9865  50.0133   0.00   0.00   0.00
  3083.64700  -0.496  45.3453  49.3649   0.00   0.00   0.00
  3084.64400  -0.740  45.3453  49.3636   0.00   0.00   0.00
  3088.04100  -0.166  45.3611  49.3749   0.00   0.00   0.00
  3091.59400  -4.390  37.2505  41.2598   0.00   0.00   0.00
  3095.79500  -0.867  45.3611  49.3649   0.00   0.00   0.00
  3115.67400  -0.694  36.8930  40.8712   0.00   0.00   0.00
  3121.63300  -0.218  36.8930  40.8636   0.00   0.00   0.00
  3123.43000  -0.490  45.9399  49.9083   0.00   0.00   0.00
  3132.79400   0.004  36.8930  40.8495   0.00   0.00   0.00
  3160.53300  -2.760  45.9865  49.9083   0.00   0.00   0.00
  3185.93500  -3.290  37.2505  41.1410   0.00   0.00   0.00
  3197.51900  -3.140  45.9399  49.8163   0.00   0.00   0.00
  3198.18100  -1.134  46.4414  50.3171   0.00   0.00   0.00
  3201.13900  -0.658  46.4414  50.3135   0.00   0.00   0.00
  3202.51400  -1.118  46.4528  50.3232   0.00   0.00   0.00
  3207.60900  -0.469  46.4528  50.3171   0.00   0.00   0.00
  3210.58500  -1.135  46.4528  50.3135   0.00   0.00   0.00
  3216.07400  -0.218  46.4692  50.3232   0.00   0.00   0.00
  3221.21300  -1.120  46.4692  50.3171   0.00   0.00   0.00
  3236.41000  -0.806  45.9865  49.8163   0.00   0.00   0.00
  3238.54500  -1.800  36.4352  40.2625   0.00   0.00   0.00
  3252.91500  -1.970  36.4521  40.2625   0.00   0.00   0.00
  3257.08700  -0.809  43.3980  47.2035   0.00   0.00   0.00
  3260.85700   0.273  36.4521  40.2532   0.00   0.00   0.00
  3265.32900   0.432  36.4794  40.2753   0.00   0.00   0.00
  3265.69300  -0.810  43.4104  47.2059   0.00   0.00   0.00
  3267.20400   0.102  36.4352  40.2289   0.00   0.00   0.00
  3267.72900  -0.934  43.4104  47.2035   0.00   0.00   0.00
  3268.94900  -0.714  43.4104  47.2021   0.00   0.00   0.00
  3276.39300  -3.600  36.4794  40.2625   0.00   0.00   0.00
  3281.83100  -0.632  36.4521  40.2289   0.00   0.00   0.00
  3284.45000  -0.632  36.4794  40.2532   0.00   0.00   0.00
  3286.41400  -0.716  43.4319  47.2035   0.00   0.00   0.00
  3287.64700  -0.239  43.4319  47.2021   0.00   0.00   0.00
  3299.38500  -1.095  33.1362  36.8930   0.00   0.00   0.00
  3305.72900  -2.184  36.4794  40.2289   0.00   0.00   0.00
  3312.32900  -0.644  33.1509  36.8930   0.00   0.00   0.00
  3326.05500  -0.880  45.6934  49.4201   0.00   0.00   0.00
  3330.30100  -0.247  41.9787  45.7005   0.00   0.00   0.00
  3330.31900  -0.402  45.6934  49.4153   0.00   0.00   0.00
  3332.40600  -0.403  45.7005  49.4201   0.00   0.00   0.00
  3332.92800  -0.231  41.9941  45.7131   0.00   0.00   0.00
  3336.66800  -0.725  41.9787  45.6934   0.00   0.00   0.00
  3336.68600  -1.135  45.7005  49.4153   0.00   0.00   0.00
  3340.76500  -0.482  33.1827  36.8930   0.00   0.00   0.00
  3344.19700  -0.979  41.9941  45.7005   0.00   0.00   0.00
  3344.51000  -0.389  45.7005  49.4066   0.00   0.00   0.00
  3347.98000  -0.389  45.7131  49.4153   0.00   0.00   0.00
  3350.61700  -0.247  41.9941  45.6934   0.00   0.00   0.00
  3350.92100   0.068  42.0141  45.7131   0.00   0.00   0.00
  3355.85800  -0.089  45.7131  49.4066   0.00   0.00   0.00
  3362.31200  -0.235  42.0141  45.7005   0.00   0.00   0.00
  3363.81200  -3.170  36.8930  40.5778   0.00   0.00   0.00
  3369.37300  -4.070  36.8930  40.5717   0.00   0.00   0.00
  3376.61200  -0.594  45.6934  49.3643   0.00   0.00   0.00
  3376.76500  -0.241  45.6934  49.3641   0.00   0.00   0.00
  3377.26400  -0.352  45.6934  49.3636   0.00   0.00   0.00
  3382.61200   0.074  45.7005  49.3649   0.00   0.00   0.00
  3383.31100  -0.720  45.7005  49.3641   0.00   0.00   0.00
  3383.81200  -0.131  45.7005  49.3636   0.00   0.00   0.00
  3384.90100   0.360  45.7131  49.3749   0.00   0.00   0.00
  3394.22000  -0.229  45.7131  49.3649   0.00   0.00   0.00
  3395.42800  -1.074  45.7131  49.3636   0.00   0.00   0.00
  3405.71800  -0.997  37.2242  40.8636   0.00   0.00   0.00
  3406.87900  -0.970  37.2254  40.8636   0.00   0.00   0.00
  3408.13100  -0.996  37.2343  40.8712   0.00   0.00   0.00
  3415.26200  -1.122  37.2343  40.8636   0.00   0.00   0.00
  3423.36400  -0.719  43.3980  47.0187   0.00   0.00   0.00
  3427.36400  -0.367  43.4104  47.0268   0.00   0.00   0.00
  3428.62600  -0.902  37.2343  40.8495   0.00   0.00   0.00
  3430.56800  -0.901  37.2505  40.8636   0.00   0.00   0.00
  3435.12300  -0.845  43.4104  47.0187   0.00   0.00   0.00
  3440.36300  -0.098  43.4319  47.0347   0.00   0.00   0.00
  3444.05200  -0.427  37.2505  40.8495   0.00   0.00   0.00
  3446.68200  -0.063  45.3244  48.9206   0.00   0.00   0.00
  3447.15500  -0.364  45.3201  48.9158   0.00   0.00   0.00
  3447.92400  -0.846  43.4319  47.0268   0.00   0.00   0.00
  3447.96800   0.172  45.3329  48.9277   0.00   0.00   0.00
  3450.90700   0.365  45.3453  48.9371   0.00   0.00   0.00
  3451.30500  -0.364  45.3244  48.9158   0.00   0.00   0.00
  3454.83500  -0.210  45.3329  48.9206   0.00   0.00   0.00
  3454.98600   0.530  45.3611  48.9486   0.00   0.00   0.00
  3455.77600  -2.024  43.4319  47.0187   0.00   0.00   0.00
  3459.48000  -1.212  45.3329  48.9158   0.00   0.00   0.00
  3459.93500  -0.190  45.3453  48.9277   0.00   0.00   0.00
  3466.12800  -0.337  45.3611  48.9371   0.00   0.00   0.00
  3466.85000  -1.211  45.3453  48.9206   0.00   0.00   0.00
  3475.23600  -1.513  45.3611  48.9277   0.00   0.00   0.00
  3520.94500  -1.077  43.3980  46.9183   0.00   0.00   0.00
  3531.22300  -1.080  43.4104  46.9205   0.00   0.00   0.00
  3533.38500  -1.205  43.4104  46.9183   0.00   0.00   0.00
  3534.90400  -0.983  43.4104  46.9168   0.00   0.00   0.00
  3555.24100  -0.985  43.4319  46.9183   0.00   0.00   0.00
  3556.77900  -0.510  43.4319  46.9168   0.00   0.00   0.00
  3638.72900   0.300  46.9168  50.3232   0.00   0.00   0.00
  3645.30900  -0.450  46.9168  50.3171   0.00   0.00   0.00
  3646.92600   0.030  46.9183  50.3171   0.00   0.00   0.00
  3649.15200  -1.630  46.9168  50.3135   0.00   0.00   0.00
  3650.77300  -0.450  46.9183  50.3135   0.00   0.00   0.00
  3653.08300  -0.330  46.9205  50.3135   0.00   0.00   0.00
  3653.76700  -5.401  33.8581  37.2505   0.00   0.00   0.00
  3671.29000  -3.594  33.8581  37.2343   0.00   0.00   0.00
  3678.53600  -3.910  36.8930  40.2625   0.00   0.00   0.00
  3682.38300  -4.291  33.8581  37.2242   0.00   0.00   0.00
  3695.16200  -0.322  45.3448  48.6992   0.00   0.00   0.00
  3695.37500  -0.386  41.9787  45.3329   0.00   0.00   0.00
  3698.71800   0.039  41.9941  45.3453   0.00   0.00   0.00
  3702.74300  -0.473  37.2242  40.5717   0.00   0.00   0.00
  3703.35500   0.324  42.0141  45.3611   0.00   0.00   0.00
  3704.11500  -0.370  37.2254  40.5717   0.00   0.00   0.00
  3704.74900  -0.278  41.9787  45.3244   0.00   0.00   0.00
  3707.27200  -0.121  37.2343  40.5778   0.00   0.00   0.00
  3709.54300  -0.632  41.9787  45.3201   0.00   0.00   0.00
  3712.49300  -0.167  41.9941  45.3329   0.00   0.00   0.00
  3714.02800  -0.599  37.2343  40.5717   0.00   0.00   0.00
  3715.08600   0.149  37.2505  40.5869   0.00   0.00   0.00
  3715.55600  -3.550  36.8930  40.2289   0.00   0.00   0.00
  3720.89000  -0.265  42.0141  45.3453   0.00   0.00   0.00
  3721.95400  -0.758  41.9941  45.3244   0.00   0.00   0.00
  3725.31300  -0.601  37.2505  40.5778   0.00   0.00   0.00
  3728.50600   0.275  46.4528  49.7772   0.00   0.00   0.00
  3728.83800   0.435  46.4692  49.7933   0.00   0.00   0.00
  3729.80200   0.105  46.4414  49.7647   0.00   0.00   0.00
  3732.13500  -1.776  37.2505  40.5717   0.00   0.00   0.00
  3734.83000  -1.111  42.0141  45.3329   0.00   0.00   0.00
  3742.63200  -0.628  46.4528  49.7647   0.00   0.00   0.00
  3746.89900  -0.630  46.4692  49.7772   0.00   0.00   0.00
  3754.69600  -0.099  33.1509  36.4521   0.00   0.00   0.00
  3757.23200  -0.452  33.1362  36.4352   0.00   0.00   0.00
  3759.87500   0.162  33.1827  36.4794   0.00   0.00   0.00
  3761.16600  -2.180  46.4692  49.7647   0.00   0.00   0.00
  3774.02600  -0.601  33.1509  36.4352   0.00   0.00   0.00
  3774.96800  -4.650  45.3448  48.6283   0.00   0.00   0.00
  3791.27500  -0.617  33.1827  36.4521   0.00   0.00   0.00
  3802.21100  -2.290  45.4392  48.6992   0.00   0.00   0.00
  3810.98500  -1.810  33.1827  36.4352   0.00   0.00   0.00
  3816.75100  -1.200  38.0122  41.2598   0.00   0.00   0.00
  3817.79300  -4.120  45.4526  48.6992   0.00   0.00   0.00
  3853.47400  -2.936  46.4414  49.6580   0.00   0.00   0.00
  3861.49700  -3.063  46.4414  49.6514   0.00   0.00   0.00
  3875.25100  -2.587  46.4528  49.6514   0.00   0.00   0.00
  3877.88900  -4.240  46.4414  49.6378   0.00   0.00   0.00
  3886.76000  -1.856  45.4392  48.6283   0.00   0.00   0.00
  3891.75900  -3.066  46.4528  49.6378   0.00   0.00   0.00
  3903.04400  -0.682  45.4526  48.6283   0.00   0.00   0.00
  3911.80300  -2.320  46.4692  49.6378   0.00   0.00   0.00
  3931.35100  -0.686  45.4392  48.5921   0.00   0.00   0.00
  3934.82300   0.062  45.4782  48.6283   0.00   0.00   0.00
  3944.85400  -0.564  45.4392  48.5813   0.00   0.00   0.00
  3948.01200  -0.211  45.4526  48.5921   0.00   0.00   0.00
  3961.57300   0.314  38.0122  41.1410   0.00   0.00   0.00
  4026.64200  -3.330  45.6209  48.6992   0.00   0.00   0.00
  4072.64300  -0.599  43.3980  46.4414   0.00   0.00   0.00
  4073.98400  -0.248  43.4104  46.4528   0.00   0.00   0.00
  4081.02000   0.022  43.4319  46.4692   0.00   0.00   0.00
  4084.26000  -3.169  33.8581  36.8930   0.00   0.00   0.00
  4089.29500  -0.727  43.4104  46.4414   0.00   0.00   0.00
  4093.23000  -2.680  37.2343  40.2625   0.00   0.00   0.00
  4103.06600  -0.728  43.4319  46.4528   0.00   0.00   0.00
  4115.23400  -2.740  37.2505  40.2625   0.00   0.00   0.00
  4118.59800  -1.905  43.4319  46.4414   0.00   0.00   0.00
  4121.59100  -0.657  45.6209  48.6283   0.00   0.00   0.00
  4127.95300  -1.630  37.2505  40.2532   0.00   0.00   0.00
  4139.11900  -1.960  37.2343  40.2289   0.00   0.00   0.00
  4161.62000  -2.820  37.2505  40.2289   0.00   0.00   0.00
  4171.76800  -0.883  45.6209  48.5921   0.00   0.00   0.00
  4186.97500  -1.363  45.6209  48.5813   0.00   0.00   0.00
  4218.30300  -3.457  33.1362  36.0746   0.00   0.00   0.00
  4239.48300  -2.533  33.1509  36.0746   0.00   0.00   0.00
  4270.87800  -8.037  23.1920  26.0942  10.28   0.00   0.00
  4286.17700  -6.577  33.1827  36.0746   0.00   0.00   0.00
  4333.57900  -2.768  40.5717  43.4319   0.00   0.00   0.00
  4342.81300  -1.592  40.5778  43.4319   0.00   0.00   0.00
  4347.01800  -3.770  38.0122  40.8636   0.00   0.00   0.00
  4356.79400  -0.847  40.5869  43.4319   0.00   0.00   0.00
  4363.20900  -8.312   2.5136   5.3544   0.20   0.00   0.00
  4366.50100  -1.595  40.5717  43.4104   0.00   0.00   0.00
  4368.69100  -2.660  38.0122  40.8495   0.00   0.00   0.00
  4375.87600  -1.119  40.5778  43.4104   0.00   0.00   0.00
  4385.64900  -1.472  40.5717  43.3980   0.00   0.00   0.00
  4440.09300  -0.407  46.6285  49.4201   0.00   0.00   0.00
  4447.69400  -0.185  46.6285  49.4153   0.00   0.00   0.00
  4452.63900  -3.020  45.9154  48.6992   0.00   0.00   0.00
  4461.60700  -0.040  46.6285  49.4066   0.00   0.00   0.00
  4475.00000  -8.472  14.8849  17.6547   9.53   0.00   0.00
  4492.11600  -2.190  45.9399  48.6992   0.00   0.00   0.00
  4493.37000  -0.602  47.0347  49.7933   0.00   0.00   0.00
  4506.64000  -0.764  47.0268  49.7772   0.00   0.00   0.00
  4513.82700  -0.935  47.0187  49.7647   0.00   0.00   0.00
  4519.62200  -1.669  47.0347  49.7772   0.00   0.00   0.00
  4524.22200  -0.984  46.9183  49.6580   0.00   0.00   0.00
  4527.29300  -1.667  47.0268  49.7647   0.00   0.00   0.00
  4532.78500  -0.888  46.9168  49.6514   0.00   0.00   0.00
  4535.28500  -1.109  46.9183  49.6514   0.00   0.00   0.00
  4538.85100  -0.984  46.9205  49.6514   0.00   0.00   0.00
  4540.39500  -3.219  47.0347  49.7647   0.00   0.00   0.00
  4555.38700  -0.412  46.9168  49.6378   0.00   0.00   0.00
  4557.91300  -0.890  46.9183  49.6378   0.00   0.00   0.00
  4569.26000   0.077  45.9865  48.6992   0.00   0.00   0.00
  4587.72100  -0.453  45.9265  48.6283   0.00   0.00   0.00
  4610.60800   0.022  45.9399  48.6283   0.00   0.00   0.00
  4630.77300  -0.553  45.9154  48.5921   0.00   0.00   0.00
  4649.97300  -0.679  45.9265  48.5921   0.00   0.00   0.00
  4668.87500  -0.557  45.9265  48.5813   0.00   0.00   0.00
  4673.48700  -0.461  45.9399  48.5921   0.00   0.00   0.00
  4691.91200  -2.350  45.9865  48.6283   0.00   0.00   0.00
  4696.22500  -2.720  47.0187  49.6580   0.00   0.00   0.00
  4708.14600  -2.846  47.0187  49.6514   0.00   0.00   0.00
  4722.80000  -2.370  47.0268  49.6514   0.00   0.00   0.00
  4732.53600  -4.024  47.0187  49.6378   0.00   0.00   0.00
  4737.88000  -1.559  48.8601  51.4763   0.00   0.00   0.00
  4737.88000  -2.036  48.8601  51.4763   0.00   0.00   0.00
  4747.34200  -2.850  47.0268  49.6378   0.00   0.00   0.00
  4748.66000  -1.370  48.8661  51.4763   0.00   0.00   0.00
  4748.66000  -2.019  48.8661  51.4763   0.00   0.00   0.00
  4748.66000  -2.037  48.8661  51.4763   0.00   0.00   0.00
  4761.75000  -2.103  47.0347  49.6378   0.00   0.00   0.00
  4764.63000  -1.119  48.8748  51.4763   0.00   0.00   0.00
  4764.63000  -2.021  48.8748  51.4763   0.00   0.00   0.00
  4778.42900  -3.833  33.8581  36.4521   0.00   0.00   0.00
  4799.75400  -1.495  40.8495  43.4319   0.00   0.00   0.00
  4809.78100  -2.327  33.8581  36.4352   0.00   0.00   0.00
  4814.19800  -4.710  38.0122  40.5869   0.00   0.00   0.00
  4826.19000  -1.974  40.8636  43.4319   0.00   0.00   0.00
  4831.38400  -3.950  38.0122  40.5778   0.00   0.00   0.00
  4840.17200  -1.977  40.8495  43.4104   0.00   0.00   0.00
  4842.86400  -3.540  38.0122  40.5717   0.00   0.00   0.00
  4867.05700  -2.199  40.8636  43.4104   0.00   0.00   0.00
  4881.61400  -2.075  40.8712  43.4104   0.00   0.00   0.00
  4890.85900  -2.076  40.8636  43.3980   0.00   0.00   0.00
  4931.22700 -13.357   0.0000   2.5136   0.00   0.00   0.00
  4958.91100 -13.074   0.0140   2.5136   0.00   0.00   0.00
  4958.91100  -9.941   0.0140   2.5136   0.00   0.00   0.00
  5006.84300  -9.468   0.0380   2.5136   0.00   0.00   0.00
  5006.84300 -12.179   0.0380   2.5136   0.00   0.00   0.00
  5049.87000  -1.493  47.2035  49.6580   0.00   0.00   0.00
  5060.73200  -1.397  47.2021  49.6514   0.00   0.00   0.00
  5063.65700  -1.620  47.2035  49.6514   0.00   0.00   0.00
  5068.55500  -1.495  47.2059  49.6514   0.00   0.00   0.00
  5088.92200  -0.923  47.2021  49.6378   0.00   0.00   0.00
  5091.88000  -1.399  47.2035  49.6378   0.00   0.00   0.00
  5112.18000  -2.763  46.4414  48.8661   0.00   0.00   0.00
  5117.75000  -2.746  46.4528  48.8748   0.00   0.00   0.00
  5124.74000  -2.287  46.4414  48.8601   0.00   0.00   0.00
  5136.32000  -2.098  46.4528  48.8661   0.00   0.00   0.00
  5148.99000  -2.765  46.4528  48.8601   0.00   0.00   0.00
  5152.47000  -1.847  46.4692  48.8748   0.00   0.00   0.00
  5171.29000  -2.750  46.4692  48.8661   0.00   0.00   0.00
  5268.30100  -0.359  38.9070  41.2598   0.00   0.00   0.00
  5508.24200  -0.618  38.0122  40.2625   0.00   0.00   0.00
  5531.05300  -2.310  38.0122  40.2532   0.00   0.00   0.00
  5591.66400  -1.990  38.0122  40.2289   0.00   0.00   0.00
  5592.25200  -0.337  33.8581  36.0746   0.00   0.00   0.00
  5946.37000  -3.175  46.7903  48.8748   0.00   0.00   0.00
  5971.45000  -1.627  46.7903  48.8661   0.00   0.00   0.00
  5979.67000  -3.173  33.1362  35.2091   0.00   0.00   0.00
  5988.23000  -3.172  33.1509  35.2208   0.00   0.00   0.00
  5988.58000  -0.897  46.7903  48.8601   0.00   0.00   0.00
  6009.54000  -1.630  46.8122  48.8748   0.00   0.00   0.00
  6022.32000  -3.302  33.1509  35.2091   0.00   0.00   0.00
  6035.16000  -0.730  46.8122  48.8661   0.00   0.00   0.00
  6077.59000  -0.572  46.8353  48.8748   0.00   0.00   0.00
  6102.35000  -3.084  33.1509  35.1821   0.00   0.00   0.00
  6116.98000  -3.086  33.1827  35.2091   0.00   0.00   0.00
  6199.57000  -2.614  33.1827  35.1821   0.00   0.00   0.00
  6330.48000  -2.401  46.9168  48.8748   0.00   0.00   0.00
  6334.93400  -3.520  38.9070  40.8636   0.00   0.00   0.00
  6358.91000  -3.151  46.9168  48.8661   0.00   0.00   0.00
  6363.83000  -2.674  46.9183  48.8661   0.00   0.00   0.00
  6378.34000  -4.329  46.9168  48.8601   0.00   0.00   0.00
  6383.30000  -3.153  46.9183  48.8601   0.00   0.00   0.00
  6390.36000  -3.028  46.9205  48.8601   0.00   0.00   0.00
  6507.55000  -0.120  45.3448  47.2495   0.00   0.00   0.00
  6673.83600  -1.880  45.3448  47.2021   0.00   0.00   0.00
  6707.36000  -2.189  47.0268  48.8748   0.00   0.00   0.00
  6709.49000  -2.204  47.0187  48.8661   0.00   0.00   0.00
  6731.13000  -1.729  47.0187  48.8601   0.00   0.00   0.00
  6736.16000  -1.289  47.0347  48.8748   0.00   0.00   0.00
  6739.29000  -1.540  47.0268  48.8661   0.00   0.00   0.00
  6741.94000  -2.463  49.6378  51.4763   0.00   0.00   0.00
  6741.94000  -3.212  49.6378  51.4763   0.00   0.00   0.00
  6741.94000  -4.388  49.6378  51.4763   0.00   0.00   0.00
  6761.12000  -2.208  47.0268  48.8601   0.00   0.00   0.00
  6768.36000  -2.192  47.0347  48.8661   0.00   0.00   0.00
  6792.06000  -2.737  49.6514  51.4763   0.00   0.00   0.00
  6792.06000  -3.214  49.6514  51.4763   0.00   0.00   0.00
  6817.02000  -3.092  49.6580  51.4763   0.00   0.00   0.00
  6847.04100  -1.270  45.4392  47.2495   0.00   0.00   0.00
  6897.73700  -2.900  45.4526  47.2495   0.00   0.00   0.00
  7016.32000  -1.315  45.4392  47.2059   0.00   0.00   0.00
  7025.73000  -1.441  45.4392  47.2035   0.00   0.00   0.00
  7031.37000  -2.617  45.4392  47.2021   0.00   0.00   0.00
  7047.05700  -1.080  45.4526  47.2115   0.00   0.00   0.00
  7079.12000  -0.967  45.4526  47.2035   0.00   0.00   0.00
  7084.84000  -1.445  45.4526  47.2021   0.00   0.00   0.00
  7111.81100  -2.090  44.2436  45.9865   0.00   0.00   0.00
  7151.33500  -2.850  45.4782  47.2115   0.00   0.00   0.00
  7190.25000  -0.703  45.4782  47.2021   0.00   0.00   0.00
  7252.15300  -2.070  44.2773  45.9865   0.00   0.00   0.00
  7306.85000  -0.347  44.2301  45.9265   0.00   0.00   0.00
  7307.12000  -0.248  44.2436  45.9399   0.00   0.00   0.00
  7365.35000  -0.476  44.2436  45.9265   0.00   0.00   0.00
  7369.19300  -0.940  45.3448  47.0268   0.00   0.00   0.00
  7405.15400  -1.060  45.3448  47.0187   0.00   0.00   0.00
  7410.09000  -1.414  47.2021  48.8748   0.00   0.00   0.00
  7414.04000  -0.353  44.2436  45.9154   0.00   0.00   0.00
  7445.91800  -3.750  38.9070  40.5717   0.00   0.00   0.00
  7449.07000  -2.163  47.2021  48.8661   0.00   0.00   0.00
  7455.36000   0.219  44.2773  45.9399   0.00   0.00   0.00
  7455.41000  -1.688  47.2035  48.8661   0.00   0.00   0.00
  7475.76000  -3.342  47.2021  48.8601   0.00   0.00   0.00
  7482.14000  -2.166  47.2035  48.8601   0.00   0.00   0.00
  7492.84000  -2.042  47.2059  48.8601   0.00   0.00   0.00
  7515.99000  -0.262  44.2773  45.9265   0.00   0.00   0.00
  7551.42000  -1.420  43.3980  45.0394   0.00   0.00   0.00
  7608.88000  -0.946  43.4104  45.0394   0.00   0.00   0.00
  7610.93700  -0.700  45.6209  47.2495   0.00   0.00   0.00
  7710.95000  -0.730  43.4319  45.0394   0.00   0.00   0.00
  7807.56000  -0.978  45.4392  47.0268   0.00   0.00   0.00
  7820.68000  -0.546  45.6209  47.2059   0.00   0.00   0.00
  7832.37000  -0.069  45.6209  47.2035   0.00   0.00   0.00
  7834.23000  -0.963  45.4526  47.0347   0.00   0.00   0.00
  7839.38000   0.152  45.6209  47.2021   0.00   0.00   0.00
  7847.94000  -0.504  45.4392  47.0187   0.00   0.00   0.00
  7873.54000  -0.316  45.4526  47.0268   0.00   0.00   0.00
  7914.61000  -0.984  45.4526  47.0187   0.00   0.00   0.00
  7963.32000  -0.069  45.4782  47.0347   0.00   0.00   0.00
  8003.94000  -0.972  45.4782  47.0268   0.00   0.00   0.00
  8172.15000   0.328  44.4697  45.9865   0.00   0.00   0.00
  8295.07700  -1.670  54.3370  55.8313   0.00   0.00   0.00
  8332.47400  -2.150  54.3370  55.8246   0.00   0.00   0.00
  8337.62300  -1.780  54.3446  55.8313   0.00   0.00   0.00
  8358.86000   0.314  45.3448  46.8277   0.00   0.00   0.00
  8368.21000  -3.262  45.4392  46.9205   0.00   0.00   0.00
  8375.40600  -1.560  54.3446  55.8246   0.00   0.00   0.00
  8380.36000  -3.386  45.4392  46.9183   0.00   0.00   0.00
  8388.91000  -4.564  45.4392  46.9168   0.00   0.00   0.00
  8427.03500  -2.500  54.3446  55.8155   0.00   0.00   0.00
  8431.10000  -2.870  44.4697  45.9399   0.00   0.00   0.00
  8442.38500  -1.360  54.3564  55.8246   0.00   0.00   0.00
  8456.42000  -2.915  45.4526  46.9183   0.00   0.00   0.00
  8465.13000  -3.392  45.4526  46.9168   0.00   0.00   0.00
  8494.84600  -1.660  54.3564  55.8155   0.00   0.00   0.00
  8508.72100  -2.470  44.4697  45.9265   0.00   0.00   0.00
  8573.76800  -3.110  44.4697  45.9154   0.00   0.00   0.00
  8574.84200   0.170  45.3448  46.7903   0.00   0.00   0.00
  8583.61000  -1.080  54.3715  55.8155   0.00   0.00   0.00
  8616.05000  -2.651  45.4782  46.9168   0.00   0.00   0.00
  8816.59800  -0.830  45.6209  47.0268   0.00   0.00   0.00
  8868.12100  -1.360  45.6209  47.0187   0.00   0.00   0.00
  8912.12000  -0.947  44.2301  45.6209   0.00   0.00   0.00
  8927.41200   0.230  45.4392  46.8277   0.00   0.00   0.00
  8999.30000  -0.475  44.2436  45.6209   0.00   0.00   0.00
  9013.78800  -1.330  45.4526  46.8277   0.00   0.00   0.00
  9076.59000  -0.693  54.4657  55.8313   0.00   0.00   0.00
  9116.14000   0.502  45.4526  46.8122   0.00   0.00   0.00
  9119.40000  -0.217  54.4721  55.8313   0.00   0.00   0.00
  9121.38000  -0.218  54.4657  55.8246   0.00   0.00   0.00
  9133.29000   0.662  45.4782  46.8353   0.00   0.00   0.00
  9164.61000  -0.953  54.4721  55.8246   0.00   0.00   0.00
  9174.21000   0.329  45.4392  46.7903   0.00   0.00   0.00
  9185.10100  -4.050  45.4782  46.8277   0.00   0.00   0.00
  9221.34000  -0.098  53.1279  54.4721   0.00   0.00   0.00
  9225.21000  -0.265  44.2773  45.6209   0.00   0.00   0.00
  9226.47000  -0.207  54.4721  55.8155   0.00   0.00   0.00
  9245.08000  -0.085  53.1436  54.4843   0.00   0.00   0.00
  9248.12000  -0.208  54.4843  55.8246   0.00   0.00   0.00
  9265.45000  -0.407  45.4526  46.7903   0.00   0.00   0.00
  9265.53000  -0.579  53.1279  54.4657   0.00   0.00   0.00
  9291.05300  -1.170  45.9154  47.2495   0.00   0.00   0.00
  9291.40000  -0.407  45.4782  46.8122   0.00   0.00   0.00
  9311.11000   0.090  54.4843  55.8155   0.00   0.00   0.00
  9330.06000  -0.837  53.1436  54.4721   0.00   0.00   0.00
  9368.66600  -2.370  45.9265  47.2495   0.00   0.00   0.00
  9375.30000  -0.106  53.1436  54.4657   0.00   0.00   0.00
  9388.06000   0.209  53.1640  54.4843   0.00   0.00   0.00
  9446.56000  -1.965  45.4782  46.7903   0.00   0.00   0.00
  9464.60800  -1.540  45.9399  47.2495   0.00   0.00   0.00
  9475.71000  -0.096  53.1640  54.4721   0.00   0.00   0.00
  9538.22000  -1.132  45.6209  46.9205   0.00   0.00   0.00
  9554.01000  -0.656  45.6209  46.9183   0.00   0.00   0.00
  9565.12000  -0.434  45.6209  46.9168   0.00   0.00   0.00
  9623.17000  -1.140  45.9154  47.2035   0.00   0.00   0.00
  9688.50000  -1.141  45.9265  47.2059   0.00   0.00   0.00
  9706.45000  -1.269  45.9265  47.2035   0.00   0.00   0.00
  9717.22000  -1.046  45.9265  47.2021   0.00   0.00   0.00
  9748.02100  -2.340  45.9399  47.2115   0.00   0.00   0.00
  9809.48000  -1.050  45.9399  47.2035   0.00   0.00   0.00
  9813.69000  -1.001  45.9865  47.2495   0.00   0.00   0.00
  9820.47000  -0.574  45.9399  47.2021   0.00   0.00   0.00
 10118.74000   0.559  45.9865  47.2115   0.00   0.00   0.00
 10187.22100  -0.220  53.1279  54.3446   0.00   0.00   0.00
 10196.82200  -1.590  45.9865  47.2021   0.00   0.00   0.00
 10220.16200   0.210  53.1436  54.3564   0.00   0.00   0.00
 10251.34000  -0.265  44.2301  45.4392   0.00   0.00   0.00
 10251.46600  -0.120  53.1279  54.3370   0.00   0.00   0.00
 10252.78000   0.087  44.2436  45.4526   0.00   0.00   0.00
 10265.27600   0.490  53.1640  54.3715   0.00   0.00   0.00
 10271.58300  -1.550  45.6209  46.8277   0.00   0.00   0.00
 10320.07200   0.000  53.1436  54.3446   0.00   0.00   0.00
 10321.77000   0.356  44.2773  45.4782   0.00   0.00   0.00
 10366.87000  -0.394  44.2436  45.4392   0.00   0.00   0.00
 10386.00900  -0.600  53.1436  54.3370   0.00   0.00   0.00
 10395.17700  -0.100  53.1640  54.3564   0.00   0.00   0.00
 10498.55600  -0.950  53.1640  54.3446   0.00   0.00   0.00
 10547.02000  -0.402  44.2773  45.4526   0.00   0.00   0.00
 10599.66100  -2.190  45.6209  46.7903   0.00   0.00   0.00
 10667.80000  -1.583  44.2773  45.4392   0.00   0.00   0.00
 10767.11000  -2.060  44.4697  45.6209   0.00   0.00   0.00
 11119.85600  -2.290  44.2301  45.3448   0.00   0.00   0.00
 11235.44000  -0.316  45.9154  47.0187   0.00   0.00   0.00
 11255.92200  -1.440  44.2436  45.3448   0.00   0.00   0.00
 11264.89000   0.035  45.9265  47.0268   0.00   0.00   0.00
 11321.59000   0.305  45.9399  47.0347   0.00   0.00   0.00
 11349.14000  -0.444  45.9265  47.0187   0.00   0.00   0.00
 11403.89000  -0.447  45.9399  47.0268   0.00   0.00   0.00
 11490.24000  -1.626  45.9399  47.0187   0.00   0.00   0.00
 11611.56000  -4.770  44.2773  45.3448   0.00   0.00   0.00
 11824.74200  -2.830  45.9865  47.0347   0.00   0.00   0.00
 11914.54000  -1.580  45.9865  47.0268   0.00   0.00   0.00
 12008.82600  -2.610  45.9865  47.0187   0.00   0.00   0.00
 12192.71000  -2.402  45.4526  46.4692   0.00   0.00   0.00
 12228.96000  -2.420  45.4392  46.4528   0.00   0.00   0.00
 12359.61000  -1.017  45.9154  46.9183   0.00   0.00   0.00
 12367.97000  -1.947  45.4392  46.4414   0.00   0.00   0.00
 12391.62000  -1.760  45.4526  46.4528   0.00   0.00   0.00
 12470.33000  -1.020  45.9265  46.9205   0.00   0.00   0.00
 12497.33000  -1.145  45.9265  46.9183   0.00   0.00   0.00
 12508.28000  -1.510  45.4782  46.4692   0.00   0.00   0.00
 12516.36000  -0.926  45.9265  46.9168   0.00   0.00   0.00
 12534.37000  -2.430  45.4526  46.4414   0.00   0.00   0.00
 12611.88500  -2.070  44.4697  45.4526   0.00   0.00   0.00
 12668.64000  -0.932  45.9399  46.9183   0.00   0.00   0.00
 12688.19000  -0.454  45.9399  46.9168   0.00   0.00   0.00
 12717.71000  -2.419  45.4782  46.4528   0.00   0.00   0.00
 12784.96200  -1.570  44.4697  45.4392   0.00   0.00   0.00
 12991.40000   0.613  48.8748  49.8289   0.00   0.00   0.00
 13157.20000   0.447  48.8661  49.8081   0.00   0.00   0.00
 13280.60000  -0.458  48.8748  49.8081   0.00   0.00   0.00
 13436.50000   0.268  48.8601  49.7826   0.00   0.00   0.00
 13523.50000  -0.467  48.8661  49.7826   0.00   0.00   0.00
 13653.90000  -2.020  48.8748  49.7826   0.00   0.00   0.00
 13754.21700  -0.760  45.9265  46.8277   0.00   0.00   0.00
 13764.44000  -2.152  45.0394  45.9399   0.00   0.00   0.00
 13962.00000  -2.620  45.9399  46.8277   0.00   0.00   0.00
 13972.54000  -2.380  45.0394  45.9265   0.00   0.00   0.00
 14148.81000  -2.864  45.0394  45.9154   0.00   0.00   0.00
 14164.73000  -0.098  44.4697  45.3448   0.00   0.00   0.00
 14297.01000  -1.509  43.4104  44.2773   0.00   0.00   0.00
 14348.92200  -2.960  45.9265  46.7903   0.00   0.00   0.00
 14575.21000  -1.870  45.9399  46.7903   0.00   0.00   0.00
 14657.70000  -1.617  43.3980  44.2436   0.00   0.00   0.00
 14661.70000  -1.042  43.4319  44.2773   0.00   0.00   0.00
 14735.21000  -0.390  45.9865  46.8277   0.00   0.00   0.00
 14875.71000  -1.747  43.4104  44.2436   0.00   0.00   0.00
 15120.23000  -1.629  43.4104  44.2301   0.00   0.00   0.00
 15270.93000  -1.537  43.4319  44.2436   0.00   0.00   0.00
 15419.88700  -0.610  45.9865  46.7903   0.00   0.00   0.00
 23420.20800  -0.897  45.9399  46.4692   0.00   0.00   0.00
 23549.57300  -1.171  45.9265  46.4528   0.00   0.00   0.00
 23564.76900  -1.523  45.9154  46.4414   0.00   0.00   0.00
 24070.53100  -1.658  45.9265  46.4414   0.00   0.00   0.00
 24165.30600  -1.660  45.9399  46.4528   0.00   0.00   0.00
 24714.25600  -2.846  45.9399  46.4414   0.00   0.00   0.00
