#  Wav (A)    log gf    E (l, u) (eV)    rad    stark  waals
   486.88400  -2.520   0.0000  25.4651   0.00   0.00   0.00
   486.91200  -2.830   0.0000  25.4636   0.00   0.00   0.00
   511.13800  -2.300   0.0000  24.2567   0.00   0.00   0.00
   511.19100  -2.600   0.0000  24.2543   0.00   0.00   0.00
   560.31700  -2.040   0.0000  22.1277   0.00   0.00   0.00
   560.43300  -2.340   0.0000  22.1232   0.00   0.00   0.00
   624.78700  -3.170   6.6559  26.5003   0.00   0.00   0.00
   625.70100  -2.890   6.6849  26.5003   0.00   0.00   0.00
   625.70100  -3.840   6.6849  26.5003   0.00   0.00   0.00
   640.25800  -2.450   6.6559  26.0208   0.00   0.00   0.00
   641.21800  -2.150   6.6849  26.0208   0.00   0.00   0.00
   644.33400  -3.100   6.6559  25.8983   0.00   0.00   0.00
   645.30600  -2.820   6.6849  25.8983   0.00   0.00   0.00
   645.30600  -3.770   6.6849  25.8983   0.00   0.00   0.00
   670.06800  -2.210   6.6559  25.1593   0.00   0.00   0.00
   671.11800  -1.910   6.6849  25.1593   0.00   0.00   0.00
   677.08200  -3.130   6.6559  24.9676   0.00   0.00   0.00
   678.15500  -3.790   6.6849  24.9676   0.00   0.00   0.00
   678.15600  -2.840   6.6849  24.9676   0.00   0.00   0.00
   695.82900  -1.810   0.0000  17.8184   0.00   0.00   0.00
   696.21700  -2.110   0.0000  17.8085   0.00   0.00   0.00
   725.68300  -1.900   6.6559  23.7413   0.00   0.00   0.00
   726.91500  -1.600   6.6849  23.7413   0.00   0.00   0.00
   739.67100  -3.830   6.6559  23.4182   0.00   0.00   0.00
   740.95100  -4.420   6.6849  23.4182   0.00   0.00   0.00
   740.95500  -3.470   6.6849  23.4181   0.00   0.00   0.00
   855.03400  -1.450   6.6559  21.1566   0.00   0.00   0.00
   856.74600  -1.150   6.6849  21.1566   0.00   0.00   0.00
   892.02400  -2.150   6.6559  20.5552   0.00   0.00   0.00
   893.88700  -2.870   6.6849  20.5552   0.00   0.00   0.00
   893.89700  -1.920   6.6849  20.5551   0.00   0.00   0.00
   987.33200  -1.210  14.3769  26.9345   0.00   0.00   0.00
   987.33200  -2.510  14.3769  26.9345   0.00   0.00   0.00
   987.35400  -1.360  14.3772  26.9345   0.00   0.00   0.00
  1019.99900  -1.010  14.3769  26.5323   0.00   0.00   0.00
  1019.99900  -2.310  14.3769  26.5323   0.00   0.00   0.00
  1020.02300  -1.160  14.3772  26.5323   0.00   0.00   0.00
  1071.73000  -0.770  14.3769  25.9456   0.00   0.00   0.00
  1071.73000  -2.070  14.3769  25.9456   0.00   0.00   0.00
  1071.75700  -0.930  14.3772  25.9456   0.00   0.00   0.00
  1118.17300  -2.110  14.3769  25.4651   0.00   0.00   0.00
  1118.20200  -3.070  14.3772  25.4651   0.00   0.00   0.00
  1118.35300  -2.370  14.3772  25.4636   0.00   0.00   0.00
  1162.58900  -0.460  14.3769  25.0415   0.00   0.00   0.00
  1162.58900  -1.760  14.3769  25.0415   0.00   0.00   0.00
  1162.62000  -0.610  14.3772  25.0415   0.00   0.00   0.00
  1254.93300  -1.770  14.3769  24.2567   0.00   0.00   0.00
  1254.96900  -2.720  14.3772  24.2567   0.00   0.00   0.00
  1255.28400  -2.030  14.3772  24.2543   0.00   0.00   0.00
  1262.24800  -2.370  15.6425  25.4651   0.00   0.00   0.00
  1262.44000  -2.670  15.6425  25.4636   0.00   0.00   0.00
  1352.81000  -0.020  14.3769  23.5419   0.00   0.00   0.00
  1352.81600  -1.320  14.3769  23.5419   0.00   0.00   0.00
  1352.85800  -0.180  14.3772  23.5419   0.00   0.00   0.00
  1379.67000  -0.600   6.6559  15.6425   0.00   0.00   0.00
  1384.13200  -0.290   6.6849  15.6425   0.00   0.00   0.00
  1426.45100  -4.070  17.8085  26.5003   0.00   0.00   0.00
  1428.08300  -3.820  17.8184  26.5003   0.00   0.00   0.00
  1428.08300  -4.770  17.8184  26.5003   0.00   0.00   0.00
  1439.31100  -2.170  15.6425  24.2567   0.00   0.00   0.00
  1439.72600  -2.480  15.6425  24.2543   0.00   0.00   0.00
  1509.74100  -1.960  17.8085  26.0208   0.00   0.00   0.00
  1511.57000  -1.660  17.8184  26.0208   0.00   0.00   0.00
  1532.60300  -3.240  17.8085  25.8983   0.00   0.00   0.00
  1534.48800  -2.990  17.8184  25.8983   0.00   0.00   0.00
  1534.48800  -3.940  17.8184  25.8983   0.00   0.00   0.00
  1599.63900  -1.250  14.3769  22.1277   0.00   0.00   0.00
  1599.69700  -2.200  14.3772  22.1277   0.00   0.00   0.00
  1600.64200  -1.500  14.3772  22.1232   0.00   0.00   0.00
  1605.76600   0.260   6.6559  14.3772   0.00   0.00   0.00
  1611.81400  -0.440   6.6849  14.3772   0.00   0.00   0.00
  1611.87300   0.510   6.6849  14.3769   0.00   0.00   0.00
  1686.67600  -1.650  17.8085  25.1593   0.00   0.00   0.00
  1688.95800  -1.350  17.8184  25.1593   0.00   0.00   0.00
  1731.83600  -2.390  17.8085  24.9676   0.00   0.00   0.00
  1734.24300  -3.090  17.8184  24.9676   0.00   0.00   0.00
  1734.25300  -2.140  17.8184  24.9676   0.00   0.00   0.00
  1854.71600   0.060   0.0000   6.6849   0.00   0.00   0.00
  1862.79000  -0.240   0.0000   6.6559   0.00   0.00   0.00
  1911.81700  -2.130  15.6425  22.1277   0.00   0.00   0.00
  1913.16600  -2.440  15.6425  22.1232   0.00   0.00   0.00
  1935.84000   0.730  14.3769  20.7816   0.00   0.00   0.00
  1935.86300  -0.570  14.3769  20.7815   0.00   0.00   0.00
  1935.94900   0.570  14.3772  20.7815   0.00   0.00   0.00
  1943.52200  -0.880  20.5551  26.9345   0.00   0.00   0.00
  1943.52200  -2.180  20.5551  26.9345   0.00   0.00   0.00
  1943.56700  -1.030  20.5552  26.9345   0.00   0.00   0.00
  2013.95900  -1.050  20.7815  26.9359   0.00   0.00   0.00
  2013.98400  -0.940  20.7816  26.9359   0.00   0.00   0.00
  2013.98400  -2.480  20.7816  26.9359   0.00   0.00   0.00
  2073.63300  -0.660  20.5551  26.5323   0.00   0.00   0.00
  2073.63300  -1.960  20.5551  26.5323   0.00   0.00   0.00
  2073.68400  -0.810  20.5552  26.5323   0.00   0.00   0.00
  2089.16300  -1.210  17.8085  23.7413   0.00   0.00   0.00
  2092.66700  -0.910  17.8184  23.7413   0.00   0.00   0.00
  2154.61200  -0.790  20.7815  26.5342   0.00   0.00   0.00
  2154.64100  -0.680  20.7816  26.5342   0.00   0.00   0.00
  2154.64100  -2.220  20.7816  26.5342   0.00   0.00   0.00
  2167.35600  -2.520  20.7815  26.5003   0.00   0.00   0.00
  2167.35600  -3.660  20.7815  26.5003   0.00   0.00   0.00
  2167.38500  -2.360  20.7816  26.5003   0.00   0.00   0.00
  2209.50800  -1.350  17.8085  23.4182   0.00   0.00   0.00
  2213.42800  -2.050  17.8184  23.4182   0.00   0.00   0.00
  2213.46000  -1.100  17.8184  23.4181   0.00   0.00   0.00
  2299.36200  -0.370  20.5551  25.9456   0.00   0.00   0.00
  2299.36200  -1.680  20.5551  25.9456   0.00   0.00   0.00
  2299.42500  -0.530  20.5552  25.9456   0.00   0.00   0.00
  2398.97500  -0.450  20.7815  25.9482   0.00   0.00   0.00
  2399.01100  -0.340  20.7816  25.9482   0.00   0.00   0.00
  2399.01100  -1.880  20.7816  25.9482   0.00   0.00   0.00
  2422.38600  -2.200  20.7815  25.8983   0.00   0.00   0.00
  2422.38600  -3.350  20.7815  25.8983   0.00   0.00   0.00
  2422.42200  -2.050  20.7816  25.8983   0.00   0.00   0.00
  2524.40100  -1.430  20.5551  25.4651   0.00   0.00   0.00
  2524.47700  -2.380  20.5552  25.4651   0.00   0.00   0.00
  2525.24400  -1.680  20.5552  25.4636   0.00   0.00   0.00
  2762.77200   0.010  20.5551  25.0415   0.00   0.00   0.00
  2762.77200  -1.290  20.5551  25.0415   0.00   0.00   0.00
  2762.86300  -0.140  20.5552  25.0415   0.00   0.00   0.00
  2831.70600  -2.450  22.1232  26.5003   0.00   0.00   0.00
  2834.66900  -2.200  22.1277  26.5003   0.00   0.00   0.00
  2834.66900  -3.150  22.1277  26.5003   0.00   0.00   0.00
  2876.81900  -2.310  21.1566  25.4651   0.00   0.00   0.00
  2877.81500  -2.610  21.1566  25.4636   0.00   0.00   0.00
  2906.90000   0.040  20.7815  25.0455   0.00   0.00   0.00
  2906.95300   0.150  20.7816  25.0455   0.00   0.00   0.00
  2906.95300  -1.390  20.7816  25.0455   0.00   0.00   0.00
  2960.97400  -1.750  20.7815  24.9676   0.00   0.00   0.00
  2961.00500  -2.900  20.7815  24.9676   0.00   0.00   0.00
  2961.06000  -1.600  20.7816  24.9676   0.00   0.00   0.00
  3180.10000  -1.500  22.1232  26.0208   0.00   0.00   0.00
  3183.83600  -1.200  22.1277  26.0208   0.00   0.00   0.00
  3283.29900  -1.880  22.1232  25.8983   0.00   0.00   0.00
  3287.28200  -1.630  22.1277  25.8983   0.00   0.00   0.00
  3287.28200  -2.580  22.1277  25.8983   0.00   0.00   0.00
  3348.51300  -0.910  20.5551  24.2567   0.00   0.00   0.00
  3348.64600  -1.860  20.5552  24.2567   0.00   0.00   0.00
  3350.89400  -1.170  20.5552  24.2543   0.00   0.00   0.00
  3524.86900  -0.620  23.4181  26.9345   0.00   0.00   0.00
  3524.86900  -1.920  23.4181  26.9345   0.00   0.00   0.00
  3524.95000  -0.770  23.4182  26.9345   0.00   0.00   0.00
  3601.63000   0.000  14.3769  17.8184   0.00   0.00   0.00
  3601.92700  -0.950  14.3772  17.8184   0.00   0.00   0.00
  3612.35500  -0.260  14.3772  17.8085   0.00   0.00   0.00
  3652.05200  -0.600  23.5419  26.9359   0.00   0.00   0.00
  3652.09400  -0.490  23.5419  26.9359   0.00   0.00   0.00
  3652.09400  -2.030  23.5419  26.9359   0.00   0.00   0.00
  3658.79000  -0.680  23.5484  26.9361   0.00   0.00   0.00
  3658.81500  -0.590  23.5484  26.9361   0.00   0.00   0.00
  3658.81500  -2.320  23.5484  26.9361   0.00   0.00   0.00
  3660.51000  -2.830  23.5484  26.9345   0.00   0.00   0.00
  3660.51000  -4.260  23.5484  26.9345   0.00   0.00   0.00
  3660.53500  -2.720  23.5484  26.9345   0.00   0.00   0.00
  3702.10600  -0.340  17.8085  21.1566   0.00   0.00   0.00
  3713.12300  -0.040  17.8184  21.1566   0.00   0.00   0.00
  3980.09700  -0.350  23.4181  26.5323   0.00   0.00   0.00
  3980.09700  -1.660  23.4181  26.5323   0.00   0.00   0.00
  3980.20000  -0.510  23.4182  26.5323   0.00   0.00   0.00
  3998.16700  -2.470  21.1566  24.2567   0.00   0.00   0.00
  4001.37100  -2.780  21.1566  24.2543   0.00   0.00   0.00
  4082.45200  -1.050  22.1232  25.1593   0.00   0.00   0.00
  4088.61100  -0.750  22.1277  25.1593   0.00   0.00   0.00
  4142.34300  -0.290  23.5419  26.5342   0.00   0.00   0.00
  4142.39800  -0.180  23.5419  26.5342   0.00   0.00   0.00
  4142.39800  -1.720  23.5419  26.5342   0.00   0.00   0.00
  4149.91300   0.620  20.5551  23.5419   0.00   0.00   0.00
  4149.96800  -0.680  20.5551  23.5419   0.00   0.00   0.00
  4150.17300   0.470  20.5552  23.5419   0.00   0.00   0.00
  4150.88800  -0.320  23.5484  26.5345   0.00   0.00   0.00
  4150.92100  -0.230  23.5484  26.5345   0.00   0.00   0.00
  4150.92100  -1.960  23.5484  26.5345   0.00   0.00   0.00
  4153.89800  -2.490  23.5484  26.5323   0.00   0.00   0.00
  4153.89800  -3.930  23.5484  26.5323   0.00   0.00   0.00
  4153.93000  -2.380  23.5484  26.5323   0.00   0.00   0.00
  4189.69900  -1.770  23.5419  26.5003   0.00   0.00   0.00
  4189.69900  -2.920  23.5419  26.5003   0.00   0.00   0.00
  4189.75500  -1.620  23.5419  26.5003   0.00   0.00   0.00
  4357.56800  -1.070  22.1232  24.9676   0.00   0.00   0.00
  4364.58700  -1.770  22.1277  24.9676   0.00   0.00   0.00
  4364.65500  -0.820  22.1277  24.9676   0.00   0.00   0.00
  4479.88500   0.900  20.7815  23.5484   0.00   0.00   0.00
  4479.97100   1.020  20.7816  23.5484   0.00   0.00   0.00
  4480.00900  -0.530  20.7816  23.5484   0.00   0.00   0.00
  4512.56500   0.410  17.8085  20.5552   0.00   0.00   0.00
  4528.94500  -0.290  17.8184  20.5552   0.00   0.00   0.00
  4529.18900   0.660  17.8184  20.5551   0.00   0.00   0.00
  4701.14300  -0.990  20.7815  23.4182   0.00   0.00   0.00
  4701.28700  -2.140  20.7815  23.4181   0.00   0.00   0.00
  4701.42400  -0.830  20.7816  23.4181   0.00   0.00   0.00
  4904.03500   0.000  23.4181  25.9456   0.00   0.00   0.00
  4904.03500  -1.300  23.4181  25.9456   0.00   0.00   0.00
  4904.19100  -0.150  23.4182  25.9456   0.00   0.00   0.00
  5150.96500   0.140  23.5419  25.9482   0.00   0.00   0.00
  5151.05000   0.250  23.5419  25.9482   0.00   0.00   0.00
  5151.05000  -1.290  23.5419  25.9482   0.00   0.00   0.00
  5163.85900   0.210  23.5484  25.9487   0.00   0.00   0.00
  5163.91000   0.300  23.5484  25.9487   0.00   0.00   0.00
  5163.91000  -1.430  23.5484  25.9487   0.00   0.00   0.00
  5170.59200  -2.020  23.5484  25.9456   0.00   0.00   0.00
  5170.59200  -3.450  23.5484  25.9456   0.00   0.00   0.00
  5170.64300  -1.910  23.5484  25.9456   0.00   0.00   0.00
  5260.10700  -1.330  23.5419  25.8983   0.00   0.00   0.00
  5260.10700  -2.480  23.5419  25.8983   0.00   0.00   0.00
  5260.19600  -1.180  23.5419  25.8983   0.00   0.00   0.00
  5518.53500  -1.640  24.2543  26.5003   0.00   0.00   0.00
  5524.64000  -1.380  24.2567  26.5003   0.00   0.00   0.00
  5524.64000  -2.340  24.2567  26.5003   0.00   0.00   0.00
  5696.60400   0.230  15.6425  17.8184   0.00   0.00   0.00
  5722.73000  -0.070  15.6425  17.8085   0.00   0.00   0.00
  6055.18500  -0.730  23.4181  25.4651   0.00   0.00   0.00
  6055.42400  -1.680  23.4182  25.4651   0.00   0.00   0.00
  6059.83900  -0.990  23.4182  25.4636   0.00   0.00   0.00
  6301.79400  -0.350  24.9676  26.9345   0.00   0.00   0.00
  6301.79400  -1.650  24.9676  26.9345   0.00   0.00   0.00
  6301.93700  -0.500  24.9676  26.9345   0.00   0.00   0.00
  6543.11900  -0.120  25.0415  26.9359   0.00   0.00   0.00
  6543.11900  -0.230  25.0415  26.9359   0.00   0.00   0.00
  6543.11900  -1.660  25.0415  26.9359   0.00   0.00   0.00
  6556.18100  -0.040  25.0455  26.9361   0.00   0.00   0.00
  6556.18100  -0.130  25.0455  26.9361   0.00   0.00   0.00
  6556.18100  -1.770  25.0455  26.9361   0.00   0.00   0.00
  6559.67000  -2.470  25.0463  26.9359   0.00   0.00   0.00
  6559.67000  -2.560  25.0463  26.9359   0.00   0.00   0.00
  6559.67000  -4.210  25.0463  26.9359   0.00   0.00   0.00
  6561.70600  -1.900  25.0455  26.9345   0.00   0.00   0.00
  6561.70600  -2.020  25.0455  26.9345   0.00   0.00   0.00
  6561.70600  -3.450  25.0455  26.9345   0.00   0.00   0.00
  7016.51000  -0.940  24.2543  26.0208   0.00   0.00   0.00
  7026.38300  -0.640  24.2567  26.0208   0.00   0.00   0.00
  7190.43100  -2.870  23.7413  25.4651   0.00   0.00   0.00
  7196.65800  -3.170  23.7413  25.4636   0.00   0.00   0.00
  7539.34000  -0.910  24.2543  25.8983   0.00   0.00   0.00
  7550.74000  -0.650  24.2567  25.8983   0.00   0.00   0.00
  7550.74000  -1.610  24.2567  25.8983   0.00   0.00   0.00
  7635.22300   0.570  23.4181  25.0415   0.00   0.00   0.00
  7635.22300  -0.730  23.4181  25.0415   0.00   0.00   0.00
  7635.60200   0.410  23.4182  25.0415   0.00   0.00   0.00
  7660.25700  -0.180  22.1232  23.7413   0.00   0.00   0.00
  7681.97100   0.120  22.1277  23.7413   0.00   0.00   0.00
  7881.78000   0.310  20.5551  22.1277   0.00   0.00   0.00
  7882.51900  -0.640  20.5552  22.1277   0.00   0.00   0.00
  7905.51400   0.060  20.5552  22.1232   0.00   0.00   0.00
  7921.57500   0.000  24.9676  26.5323   0.00   0.00   0.00
  7921.57500  -1.300  24.9676  26.5323   0.00   0.00   0.00
  7921.80100  -0.160  24.9676  26.5323   0.00   0.00   0.00
  8243.47000   0.850  23.5419  25.0455   0.00   0.00   0.00
  8243.68800  -0.580  23.5419  25.0455   0.00   0.00   0.00
  8243.68800   0.960  23.5419  25.0455   0.00   0.00   0.00
  8275.03500   1.130  23.5484  25.0463   0.00   0.00   0.00
  8275.16500  -0.520  23.5484  25.0463   0.00   0.00   0.00
  8275.16500   1.220  23.5484  25.0463   0.00   0.00   0.00
  8301.52500  -1.220  23.5484  25.0415   0.00   0.00   0.00
  8301.52500  -2.650  23.5484  25.0415   0.00   0.00   0.00
  8301.65600  -1.110  23.5484  25.0415   0.00   0.00   0.00
  8304.01400   0.170  25.0415  26.5342   0.00   0.00   0.00
  8304.01400   0.280  25.0415  26.5342   0.00   0.00   0.00
  8304.01400  -1.270  25.0415  26.5342   0.00   0.00   0.00
  8324.55700   0.330  25.0455  26.5345   0.00   0.00   0.00
  8324.55700   0.420  25.0455  26.5345   0.00   0.00   0.00
  8324.55700  -1.320  25.0455  26.5345   0.00   0.00   0.00
  8330.69000  -1.960  25.0463  26.5342   0.00   0.00   0.00
  8330.69000  -2.050  25.0463  26.5342   0.00   0.00   0.00
  8330.69000  -3.690  25.0463  26.5342   0.00   0.00   0.00
  8336.67100  -1.440  25.0455  26.5323   0.00   0.00   0.00
  8336.67100  -1.560  25.0455  26.5323   0.00   0.00   0.00
  8336.67100  -2.990  25.0455  26.5323   0.00   0.00   0.00
  8496.52800  -0.930  25.0415  26.5003   0.00   0.00   0.00
  8496.52800  -1.080  25.0415  26.5003   0.00   0.00   0.00
  8496.52800  -2.230  25.0415  26.5003   0.00   0.00   0.00
  8693.67300  -0.590  23.5419  24.9676   0.00   0.00   0.00
  8693.94500  -1.730  23.5419  24.9676   0.00   0.00   0.00
  8694.18700  -0.430  23.5419  24.9676   0.00   0.00   0.00
  9571.52600   0.500  22.1232  23.4182   0.00   0.00   0.00
  9605.45200  -0.200  22.1277  23.4182   0.00   0.00   0.00
  9606.05100   0.760  22.1277  23.4181   0.00   0.00   0.00
 11956.01800  -0.790  25.4636  26.5003   0.00   0.00   0.00
 11962.05500  -0.010  25.8983  26.9345   0.00   0.00   0.00
 11962.05500  -0.160  25.8983  26.9345   0.00   0.00   0.00
 11962.05500  -1.310  25.8983  26.9345   0.00   0.00   0.00
 11973.24400  -0.540  25.4651  26.5003   0.00   0.00   0.00
 11973.24400  -1.490  25.4651  26.5003   0.00   0.00   0.00
 12517.04600   0.180  25.9456  26.9359   0.00   0.00   0.00
 12517.04600   0.290  25.9456  26.9359   0.00   0.00   0.00
 12517.04600  -1.250  25.9456  26.9359   0.00   0.00   0.00
 12547.36700   0.370  25.9482  26.9361   0.00   0.00   0.00
 12547.36700   0.460  25.9482  26.9361   0.00   0.00   0.00
 12547.36700  -1.280  25.9482  26.9361   0.00   0.00   0.00
 12556.68000  -1.480  25.9487  26.9359   0.00   0.00   0.00
 12556.68000  -1.570  25.9487  26.9359   0.00   0.00   0.00
 12556.68000  -3.210  25.9487  26.9359   0.00   0.00   0.00
 12567.62000  -1.160  25.9482  26.9345   0.00   0.00   0.00
 12567.62000  -1.280  25.9482  26.9345   0.00   0.00   0.00
 12567.62000  -2.710  25.9482  26.9345   0.00   0.00   0.00
 12673.93700   0.540  24.9676  25.9456   0.00   0.00   0.00
 12673.93700  -0.760  24.9676  25.9456   0.00   0.00   0.00
 12674.51600   0.390  24.9676  25.9456   0.00   0.00   0.00
 12763.05800   0.350  21.1566  22.1277   0.00   0.00   0.00
 12823.45100   0.050  21.1566  22.1232   0.00   0.00   0.00
 13669.84900  -0.610  25.0415  25.9482   0.00   0.00   0.00
 13669.84900   0.820  25.0415  25.9482   0.00   0.00   0.00
 13669.84900   0.930  25.0415  25.9482   0.00   0.00   0.00
 13695.11100  -0.060  24.2543  25.1593   0.00   0.00   0.00
 13723.31000  -0.570  25.0455  25.9487   0.00   0.00   0.00
 13723.31000   1.080  25.0455  25.9487   0.00   0.00   0.00
 13723.31000   1.170  25.0455  25.9487   0.00   0.00   0.00
 13732.77300   0.240  24.2567  25.1593   0.00   0.00   0.00
 13742.28700  -1.120  25.0463  25.9482   0.00   0.00   0.00
 13742.28700  -1.210  25.0463  25.9482   0.00   0.00   0.00
 13742.28700  -2.850  25.0463  25.9482   0.00   0.00   0.00
 13770.96600  -0.680  25.0455  25.9456   0.00   0.00   0.00
 13770.96600  -0.800  25.0455  25.9456   0.00   0.00   0.00
 13770.96600  -2.230  25.0455  25.9456   0.00   0.00   0.00
 14466.42300  -0.190  25.0415  25.8983   0.00   0.00   0.00
 14466.42300  -0.350  25.0415  25.8983   0.00   0.00   0.00
 14466.42300  -1.500  25.0415  25.8983   0.00   0.00   0.00
 14779.74000   0.490  23.4181  24.2567   0.00   0.00   0.00
 14781.16100  -0.460  23.4182  24.2567   0.00   0.00   0.00
 14825.04300   0.230  23.4182  24.2543   0.00   0.00   0.00
 17374.95200   0.580  24.2543  24.9676   0.00   0.00   0.00
 17435.61800  -0.120  24.2567  24.9676   0.00   0.00   0.00
 17436.71300   0.830  24.2567  24.9676   0.00   0.00   0.00
 19550.16600   0.370  25.8983  26.5323   0.00   0.00   0.00
 19550.16600   0.530  25.8983  26.5323   0.00   0.00   0.00
 19550.16600  -0.770  25.8983  26.5323   0.00   0.00   0.00
 21060.32100  -0.630  25.9456  26.5342   0.00   0.00   0.00
 21060.32100   0.800  25.9456  26.5342   0.00   0.00   0.00
 21060.32100   0.920  25.9456  26.5342   0.00   0.00   0.00
 21143.03200  -0.600  25.9482  26.5345   0.00   0.00   0.00
 21143.03200   1.050  25.9482  26.5345   0.00   0.00   0.00
 21143.03200   1.130  25.9482  26.5345   0.00   0.00   0.00
 21172.76400  -0.680  25.9487  26.5342   0.00   0.00   0.00
 21172.76400  -0.770  25.9487  26.5342   0.00   0.00   0.00
 21172.76400  -2.420  25.9487  26.5342   0.00   0.00   0.00
 21221.34900  -0.420  25.9482  26.5323   0.00   0.00   0.00
 21221.34900  -0.540  25.9482  26.5323   0.00   0.00   0.00
 21221.34900  -1.970  25.9482  26.5323   0.00   0.00   0.00
 22245.07800   0.030  25.4636  26.0208   0.00   0.00   0.00
 22304.78300   0.330  25.4651  26.0208   0.00   0.00   0.00
 22344.31600  -0.030  25.9456  26.5003   0.00   0.00   0.00
 22344.31600  -0.180  25.9456  26.5003   0.00   0.00   0.00
 22344.31600  -1.330  25.9456  26.5003   0.00   0.00   0.00
 24046.29700   0.440  23.7413  24.2567   0.00   0.00   0.00
 24162.64900   0.140  23.7413  24.2543   0.00   0.00   0.00
 24914.88500   0.610  24.9676  25.4651   0.00   0.00   0.00
 24917.12100  -0.340  24.9676  25.4651   0.00   0.00   0.00
 24992.05600   0.360  24.9676  25.4636   0.00   0.00   0.00
 28514.02200   0.640  25.4636  25.8983   0.00   0.00   0.00
 28548.38300   0.370  26.5003  26.9345   0.00   0.00   0.00
 28548.38300   0.520  26.5003  26.9345   0.00   0.00   0.00
 28548.38300  -0.780  26.5003  26.9345   0.00   0.00   0.00
 28612.19500  -0.060  25.4651  25.8983   0.00   0.00   0.00
 28612.19500   0.890  25.4651  25.8983   0.00   0.00   0.00
 30716.51400  -0.630  26.5323  26.9359   0.00   0.00   0.00
 30716.51400   0.800  26.5323  26.9359   0.00   0.00   0.00
 30716.51400   0.910  26.5323  26.9359   0.00   0.00   0.00
 30837.41200  -0.620  26.5342  26.9361   0.00   0.00   0.00
 30837.41200   1.030  26.5342  26.9361   0.00   0.00   0.00
 30837.41200   1.120  26.5342  26.9361   0.00   0.00   0.00
 30882.08800  -0.420  26.5345  26.9359   0.00   0.00   0.00
 30882.08800  -0.510  26.5345  26.9359   0.00   0.00   0.00
 30882.08800  -2.150  26.5345  26.9359   0.00   0.00   0.00
 30960.03200  -0.240  26.5342  26.9345   0.00   0.00   0.00
 30960.03200  -0.360  26.5342  26.9345   0.00   0.00   0.00
 30960.03200  -1.790  26.5342  26.9345   0.00   0.00   0.00
 40537.65000   0.510  25.1593  25.4651   0.00   0.00   0.00
 40736.36300   0.210  25.1593  25.4636   0.00   0.00   0.00
 54718.12000  -0.260  20.5551  20.7816   0.00   0.00   0.00
 54736.69500  -1.560  20.5551  20.7815   0.00   0.00   0.00
 54772.38100  -0.420  20.5552  20.7815   0.00   0.00   0.00
