  5.995849160000000E+016
  4.996540966666666E+016
  4.282749400000000E+016
  3.747405725000000E+016
  3.331027311111111E+016
  2.997924580000000E+016
  2.725385981818182E+016
  2.498270483333333E+016
  2.306095830769231E+016
  2.141374700000000E+016
  1.998616386666667E+016
  1.873702862500000E+016
  1.763485047058824E+016
  1.665513655555556E+016
  1.577855042105263E+016
  1.498962290000000E+016
  1.427583133333333E+016
  1.362692990909091E+016
  1.303445469565217E+016
  1.249135241666667E+016
  1.199169832000000E+016
  1.153047915384615E+016
  1.110342437037037E+016
  1.070687350000000E+016
  1.033767096551724E+016
  9.993081933333334E+015
  9.670724451612904E+015
  9.368514312500000E+015
  9.084619939393940E+015
  8.817425235294118E+015
  8.565498800000000E+015
  8.327568277777778E+015
  8.102498864864865E+015
  7.889275210526316E+015
  7.686986102564103E+015
  7.494811450000000E+015
  7.312011170731707E+015
  7.137915666666667E+015
  6.971917627906977E+015
  6.813464954545455E+015
  6.662054622222222E+015
  6.517227347826087E+015
  6.378562936170213E+015
  6.245676208333333E+015
  6.118213428571429E+015
  5.995849160000000E+015
  5.878283490196078E+015
  5.765239576923077E+015
  5.656461471698113E+015
  5.551712185185185E+015
  5.450771963636364E+015
  5.353436750000000E+015
  5.259516807017544E+015
  5.168835482758621E+015
  5.081228101694915E+015
  4.996540966666667E+015
  4.914630459016393E+015
  4.835362225806452E+015
  4.758610444444444E+015
  4.684257156250000E+015
  4.612191661538462E+015
  4.542309969696970E+015
  4.474514298507462E+015
  4.408712617647059E+015
  4.344818231884058E+015
  4.282749400000000E+015
  4.222428985915493E+015
  4.163784138888889E+015
  4.106746000000000E+015
  4.051249432432432E+015
  3.997232773333334E+015
  3.944637605263158E+015
  3.893408545454546E+015
  3.843493051282052E+015
  3.794841240506329E+015
  3.747405725000000E+015
  3.701141456790124E+015
  3.656005585365854E+015
  3.611957325301205E+015
  3.568957833333334E+015
  3.526970094117647E+015
  3.485958813953488E+015
  3.445890321839080E+015
  3.406732477272728E+015
  3.368454584269663E+015
  3.331027311111111E+015
  3.294422615384616E+015
  3.258613673913044E+015
  3.223574817204301E+015
  3.189281468085106E+015
  3.155710084210526E+015
  3.122838104166666E+015
  3.090643896907216E+015
  3.059106714285714E+015
  3.028206646464646E+015
  2.997924580000000E+015
  2.968242158415842E+015
  2.939141745098039E+015
  2.910606388349514E+015
  2.882619788461538E+015
  2.855166266666666E+015
  2.828230735849056E+015
  2.801798672897196E+015
  2.775856092592592E+015
  2.750389522935780E+015
  2.725385981818182E+015
  2.700832954954955E+015
  2.676718375000000E+015
  2.653030601769912E+015
  2.629758403508772E+015
  2.606890939130435E+015
  2.584417741379310E+015
  2.562328700854701E+015
  2.540614050847458E+015
  2.519264352941176E+015
  2.498270483333334E+015
  2.477623619834710E+015
  2.457315229508196E+015
  2.437337056910569E+015
  2.417681112903226E+015
  2.398339664000000E+015
  2.379305222222222E+015
  2.360570535433071E+015
  2.342128578125000E+015
  2.323972542635659E+015
  2.306095830769231E+015
  2.288492045801526E+015
  2.271154984848485E+015
  2.254078631578948E+015
  2.237257149253731E+015
  2.220684874074074E+015
  2.204356308823530E+015
  2.188266116788321E+015
  2.172409115942029E+015
  2.156780273381295E+015
  2.141374700000000E+015
  2.126187645390071E+015
  2.111214492957746E+015
  2.096450755244755E+015
  2.081892069444444E+015
  2.067534193103448E+015
  2.053373000000000E+015
  2.039404476190476E+015
  2.025624716216216E+015
  2.012029919463087E+015
  1.998616386666667E+015
  1.985380516556292E+015
  1.972318802631579E+015
  1.959427830065360E+015
  1.946704272727273E+015
  1.934144890322581E+015
  1.921746525641026E+015
  1.909506101910828E+015
  1.897420620253164E+015
  1.885487157232704E+015
  1.873702862500000E+015
  1.862064956521739E+015
  1.850570728395062E+015
  1.839217533742331E+015
  1.828002792682927E+015
  1.816923987878788E+015
  1.805978662650602E+015
  1.795164419161677E+015
  1.784478916666667E+015
  1.773919869822485E+015
  1.763485047058824E+015
  1.753172269005848E+015
  1.742979406976744E+015
  1.732904381502890E+015
  1.722945160919540E+015
  1.713099760000000E+015
  1.703366238636364E+015
  1.693742700564972E+015
  1.684227292134832E+015
  1.674818201117318E+015
  1.665513655555556E+015
  1.656311922651934E+015
  1.647211307692308E+015
  1.638210153005464E+015
  1.629306836956522E+015
  1.620499772972973E+015
  1.611787408602150E+015
  1.603168224598930E+015
  1.594640734042553E+015
  1.586203481481482E+015
  1.577855042105263E+015
  1.569594020942408E+015
  1.561419052083333E+015
  1.553328797927461E+015
  1.545321948453608E+015
  1.537397220512820E+015
  1.529553357142857E+015
  1.521789126903553E+015
  1.514103323232323E+015
  1.506494763819096E+015
  1.498962290000000E+015
  1.491504766169154E+015
  1.484121079207921E+015
  1.476810137931034E+015
  1.469570872549020E+015
  1.462402234146342E+015
  1.455303194174757E+015
  1.448272743961353E+015
  1.441309894230769E+015
  1.434413674641148E+015
  1.427583133333333E+015
  1.420817336492891E+015
  1.414115367924528E+015
  1.407476328638498E+015
  1.400899336448598E+015
  1.394383525581395E+015
  1.387928046296296E+015
  1.381532064516129E+015
  1.375194761467890E+015
  1.368915333333333E+015
  1.362692990909091E+015
  1.356526959276018E+015
  1.350416477477478E+015
  1.344360798206278E+015
  1.338359187500000E+015
  1.332410924444444E+015
  1.326515300884956E+015
  1.320671621145374E+015
  1.314879201754386E+015
  1.309137371179039E+015
  1.303445469565218E+015
  1.297802848484848E+015
  1.292208870689655E+015
  1.286662909871245E+015
  1.281164350427350E+015
  1.275712587234042E+015
  1.270307025423729E+015
  1.264947080168776E+015
  1.259632176470588E+015
  1.254361748953975E+015
  1.249135241666667E+015
  1.243952107883818E+015
  1.238811809917355E+015
  1.233713818930041E+015
  1.228657614754098E+015
  1.223642685714286E+015
  1.218668528455284E+015
  1.213734647773279E+015
  1.208840556451613E+015
  1.203985775100402E+015
  1.199169832000000E+015
  1.194392262948207E+015
  1.189652611111111E+015
  1.184950426877470E+015
  1.180285267716536E+015
  1.175656698039216E+015
  1.171064289062500E+015
  1.166507618677043E+015
  1.161986271317830E+015
  1.157499837837838E+015
  1.153047915384616E+015
  1.148630107279694E+015
  1.144246022900763E+015
  1.139895277566540E+015
  1.135577492424242E+015
  1.131292294339623E+015
  1.127039315789474E+015
  1.122818194756554E+015
  1.118628574626866E+015
  1.114470104089219E+015
  1.110342437037037E+015
  1.106245232472325E+015
  1.102178154411765E+015
  1.098140871794872E+015
  1.094133058394161E+015
  1.090154392727273E+015
  1.086204557971014E+015
  1.082283241877256E+015
  1.078390136690648E+015
  1.074524939068100E+015
  1.070687350000000E+015
  1.066877074733096E+015
  1.063093822695036E+015
  1.059337307420495E+015
  1.055607246478873E+015
  1.051903361403509E+015
  1.048225377622378E+015
  1.044573024390244E+015
  1.040946034722222E+015
  1.037344145328720E+015
  1.033767096551724E+015
  1.030214632302406E+015
  1.026686500000000E+015
  1.023182450511945E+015
  1.019702238095238E+015
  1.016245620338983E+015
  1.012812358108108E+015
  1.009402215488216E+015
  1.006014959731544E+015
  1.002650361204013E+015
   999308193333333.     
   995988232558140.     
   992690258278146.     
   989414052805280.     
   986159401315790.     
   982926091803279.     
   979713915032680.     
   976522664495114.     
   973352136363636.     
   970202129449838.     
   967072445161290.     
   963962887459807.     
   960873262820513.     
   957803380191693.     
   954753050955414.     
   951722088888889.     
   948710310126582.     
   945717533123028.     
   942743578616352.     
   939788269592476.     
   936851431250000.     
   933932890965732.     
   931032478260870.     
   928150024767802.     
   925285364197531.     
   922438332307692.     
   919608766871166.     
   916796507645260.     
   914001396341463.     
   911223276595745.     
   908461993939394.     
   905717395770393.     
   902989331325301.     
   900277651651652.     
   897582209580838.     
   894902859701492.     
   892239458333333.     
   889591863501484.     
   886959934911243.     
   884343533923304.     
   881742523529412.     
   879156768328446.     
   876586134502924.     
   874030489795918.     
   871489703488372.     
   868963646376812.     
   866452190751445.     
   863955210374640.     
   861472580459770.     
   859004177650430.     
   856549880000000.     
   854109566951567.     
   851683119318182.     
   849270419263456.     
   846871350282486.     
   844485797183099.     
   842113646067416.     
   839754784313726.     
   837409100558659.     
   835076484679666.     
   832756827777778.     
   830450022160665.     
   828155961325967.     
   825874539944904.     
   823605653846154.     
   821349200000000.     
   819105076502732.     
   816873182561308.     
   814653418478261.     
   812445685636856.     
   810249886486486.     
   808065924528302.     
   805893704301075.     
   803733131367292.     
   801584112299465.     
   799446554666667.     
   797320367021277.     
   795205458885942.     
   793101740740741.     
   791009124010554.     
   788927521052632.     
   786856845144357.     
   784797010471204.     
   782747932114882.     
   780709526041667.     
   778681709090909.     
   776664398963731.     
   774657514211886.     
   772660974226804.     
   770674699228792.     
   768698610256410.     
   766732629156010.     
   764776678571429.     
   762830681933842.     
   760894563451777.     
   758968248101266.     
   757051661616162.     
   755144730478589.     
   753247381909548.     
   751359543859649.     
   749481145000000.     
   747612114713217.     
   745752383084577.     
   743901880893300.     
   742060539603960.     
   740228291358025.     
   738405068965517.     
   736590805896806.     
   734785436274510.     
   732988894865526.     
   731201117073171.     
   729422038929440.     
   727651597087379.     
   725889728813559.     
   724136371980676.     
   722391465060241.     
   720654947115385.     
   718926757793765.     
   717206837320574.     
   715495126491647.     
   713791566666667.     
   712096099762470.     
   710408668246446.     
   708729215130024.     
   707057683962264.     
   705394018823529.     
   703738164319249.     
   702090065573770.     
   700449668224299.     
   698816918414918.     
   697191762790698.     
   695574148491879.     
   693964023148148.     
   692361334872979.     
   690766032258064.     
   689178064367816.     
   687597380733945.     
   686023931350114.     
   684457666666667.     
   682898537585421.     
   681346495454546.     
   679801492063492.     
   678263479638009.     
   676732410835214.     
   675208238738739.     
   673690916853933.     
   672180399103139.     
   670676639821029.     
   669179593750000.     
   667689216035635.     
   666205462222222.     
   664728288248337.     
   663257650442478.     
   661793505518764.     
   660335810572687.     
   658884523076923.     
   657439600877193.     
   656001002188184.     
   654568685589520.     
   653142610021786.     
   651722734782609.     
   650309019522777.     
   648901424242424.     
   647499909287257.     
   646104435344828.     
   644714963440860.     
   643331454935622.     
   641953871520343.     
   640582175213675.     
   639216328358209.     
   637856293617021.     
   636502033970276.     
   635153512711864.     
   633810693446089.     
   632473540084388.     
   631142016842105.     
   629816088235294.     
   628495719077568.     
   627180874476988.     
   625871519832985.     
   624567620833333.     
   623269143451144.     
   621976053941909.     
   620688318840580.     
   619405904958678.     
   618128779381443.     
   616856909465021.     
   615590262833676.     
   614328807377049.     
   613072511247444.     
   611821342857143.     
   610575270875764.     
   609334264227642.     
   608098292089250.     
   606867323886640.     
   605641329292929.     
   604420278225806.     
   603204140845070.     
   601992887550201.     
   600786488977956.     
   599584916000000.     
   598388139720559.     
   597196131474104.     
   596008862823062.     
   594826305555556.     
   593648431683168.     
   592475213438735.     
   591306623274162.     
   590142633858268.     
   588983218074656.     
   587828349019608.     
   586678000000000.     
   585532144531250.     
   584390756335283.     
   583253809338521.     
   582121277669903.     
   580993135658915.     
   579869357833656.     
   578749918918919.     
   577634793834297.     
   576523957692308.     
   575417385796545.     
   574315053639847.     
   573216936902486.     
   572123011450382.     
   571033253333333.     
   569947638783270.     
   568866144212524.     
   567788746212121.     
   566715421550094.     
   565646147169811.     
   564580900188324.     
   563519657894737.     
   562462397748593.     
   561409097378277.     
   560359734579439.     
   559314287313433.     
   558272733705773.     
   557235052044610.     
   556201220779221.     
   555171218518518.     
   554145024029575.     
   553122616236162.     
   552103974217311.     
   551089077205882.     
   550077904587156.     
   549070435897436.     
   548066650822669.     
   547066529197080.     
   546070051001822.     
   545077196363636.     
   544087945553539.     
   543102278985507.     
   542120177215190.     
   541141620938628.     
   540166590990991.     
   539195068345324.     
   538227034111311.     
   537262469534050.     
   536301355992844.     
   535343675000000.     
   534389408199644.     
   533438537366548.     
   532491044404973.     
   531546911347518.     
   530606120353982.     
   529668653710247.     
   528734493827160.     
   527803623239437.     
   526876024604569.     
   525951680701754.     
   525030574430823.     
   524112688811189.     
   523198006980803.     
   522286512195122.     
   521378187826087.     
   520473017361111.     
   519570984402080.     
   518672072664360.     
   517776265975820.     
   516883548275862.     
   515993903614458.     
   515107316151203.     
   514223770154374.     
   513343250000000.     
   512465740170940.     
   511591225255973.     
   510719689948893.     
   509851119047619.     
   508985497453311.     
   508122810169492.     
   507263042301184.     
   506406179054054.     
   505552205733558.     
   504701107744108.     
   503852870588235.     
   503007479865772.     
   502164921273032.     
   501325180602007.     
   500488243739566.     
   499654096666667.     
   498822725457571.     
   497994116279070.     
   497168255389718.     
   496345129139073.     
   495524723966942.     
   494707026402640.     
   493892023064250.     
   493079700657895.     
   492270045977012.     
   491463045901639.     
   490658687397709.     
   489856957516340.     
   489057843393148.     
   488261332247557.     
   487467411382114.     
   486676068181818.     
   485887290113452.     
   485101064724919.     
   484317379644588.     
   483536222580645.     
   482757581320451.     
   481981443729904.     
   481207797752809.     
   480436631410256.     
   479667932800000.     
   478901690095847.     
   478137891547049.     
   477376525477707.     
   476617580286168.     
   475861044444444.     
   475106906497623.     
   474355155063291.     
   473605778830964.     
   472858766561514.     
   472114107086614.     
   471371789308176.     
   470631802197802.     
   469894134796238.     
   469158776212833.     
   468425715625000.     
   467694942277691.     
   466966445482866.     
   466240214618974.     
   465516239130435.     
   464794508527132.     
   464075012383901.     
   463357740340031.     
   462642682098765.     
   461929827426810.     
   461219166153846.     
   460510688172043.     
   459804383435583.     
   459100241960184.     
   458398253822630.     
   457698409160305.     
   457000698170732.     
   456305111111111.     
   455611638297872.     
   454920270106222.     
   454230996969697.     
   453543809379728.     
   452858697885196.     
   452175653092006.     
   451494665662651.     
   450815726315790.     
   450138825825826.     
   449463955022489.     
   448791104790419.     
   448120266068759.     
   447451429850746.     
   446784587183308.     
   446119729166667.     
   445456846953938.     
   444795931750742.     
   444136974814815.     
   443479967455621.     
   442824901033973.     
   442171766961652.     
   441520556701031.     
   440871261764706.     
   440223873715125.     
   439578384164223.     
   438934784773060.     
   438293067251462.     
   437653223357664.     
   437015244897959.     
   436379123726346.     
   435744851744186.     
   435112420899855.     
   434481823188406.     
   433853050651230.     
   433226095375723.     
   432600949494950.     
   431977605187320.     
   431356054676259.     
   430736290229885.     
   430118304160689.     
   429502088825215.     
   428887636623748.     
   428274940000000.     
   427663991440799.     
   427054783475784.     
   426447308677098.     
   425841559659091.     
   425237529078014.     
   424635209631728.     
   424034594059406.     
   423435675141243.     
   422838445698166.     
   422242898591549.     
   421649026722925.     
   421056823033708.     
   420466280504909.     
   419877392156863.     
   419290151048951.     
   418704550279330.     
   418120582984658.     
   417538242339833.     
   416957521557719.     
   416378413888889.     
   415800912621359.     
   415225011080332.     
   414650702627939.     
   414077980662983.     
   413506838620690.     
   412937269972452.     
   412369268225585.     
   411802826923077.     
   411237939643347.     
   410674600000000.     
   410112801641587.     
   409552538251366.     
   408993803547067.     
   408436591280654.     
   407880895238095.     
   407326709239130.     
   406774027137042.     
   406222842818428.     
   405673150202977.     
   405124943243243.     
   404578215924426.     
   404032962264151.     
   403489176312248.     
   402946852150538.     
   402405983892617.     
   401866565683646.     
   401328591700134.     
   400792056149733.     
   400256953271028.     
   399723277333333.     
   399191022636485.     
   398660183510638.     
   398130754316069.     
   397602729442971.     
   397076103311258.     
   396550870370370.     
   396027025099075.     
   395504562005277.     
   394983475625823.     
   394463760526316.     
   393945411300920.     
   393428422572178.     
   392912788990826.     
   392398505235602.     
   391885566013072.     
   391373966057441.     
   390863700130378.     
   390354763020833.     
   389847149544863.     
   389340854545455.     
   388835872892348.     
   388332199481865.     
   387829829236740.     
   387328757105943.     
   386828978064516.     
   386330487113402.     
   385833279279279.     
   385337349614396.     
   384842693196406.     
   384349305128205.     
   383857180537772.     
   383366314578005.     
   382876702426564.     
   382388339285714.     
   381901220382166.     
   381415340966921.     
   380930696315121.     
   380447281725888.     
   379965092522180.     
   379484124050633.     
   379004371681416.     
   378525830808081.     
   378048496847415.     
   377572365239295.     
   377097431446541.     
   376623690954774.     
   376151139272271.     
   375679771929825.     
   375209584480601.     
   374740572500000.     
   374272731585518.     
   373806057356608.     
   373340545454545.     
   372876191542289.     
   372412991304348.     
   371950940446650.     
   371490034696406.     
   371030269801980.     
   370571641532756.     
   370114145679012.     
   369657778051788.     
   369202534482759.     
   368748410824108.     
   368295402948403.     
   367843506748466.     
   367392718137255.     
   366943033047736.     
   366494447432763.     
   366046957264957.     
   365600558536585.     
   365155247259440.     
   364711019464720.     
   364267871202916.     
   363825798543689.     
   363384797575758.     
   362944864406780.     
   362505995163241.     
   362068185990338.     
   361631433051870.     
   361195732530120.     
   360761080625752.     
   360327473557692.     
   359894907563025.     
   359463378896882.     
   359032883832335.     
   358603418660287.     
   358174979689367.     
   357747563245823.     
   357321165673421.     
   356895783333333.     
   356471412604043.     
   356048049881235.     
   355625691577699.     
   355204334123223.     
   354783973964497.     
   354364607565012.     
   353946231404959.     
   353528841981132.     
   353112435806832.     
   352697009411765.     
   352282559341951.     
   351869082159624.     
   351456574443142.     
   351045032786885.     
   350634453801170.     
   350224834112150.     
   349816170361727.     
   349408459207459.     
   349001697322468.     
   348595881395349.     
   348191008130081.     
   347787074245940.     
   347384076477404.     
   346982011574074.     
   346580876300578.     
   346180667436490.     
   345781381776240.     
   345383016129032.     
   344985567318757.     
   344589032183908.     
   344193407577497.     
   343798690366972.     
   343404877434135.     
   343011965675057.     
   342619952000000.     
   342228833333333.     
   341838606613455.     
   341449268792711.     
   341060816837315.     
   340673247727273.     
   340286558456300.     
   339900746031746.     
   339515807474519.     
   339131739819004.     
   338748540112994.     
   338366205417607.     
   337984732807215.     
   337604119369369.     
   337224362204724.     
   336845458426966.     
   336467405162738.     
   336090199551570.     
   335713838745801.     
   335338319910515.     
   334963640223464.     
   334589796875000.     
   334216787068004.     
   333844608017817.     
   333473256952169.     
   333102731111111.     
   332733027746948.     
   332364144124168.     
   331996077519380.     
   331628825221239.     
   331262384530387.     
   330896752759382.     
   330531927232635.     
   330167905286344.     
   329804684268427.     
   329442261538462.     
   329080634467618.     
   328719800438596.     
   328359756845564.     
   328000501094092.     
   327642030601093.     
   327284342794760.     
   326927435114504.     
   326571305010893.     
   326215949945593.     
   325861367391304.     
   325507554831705.     
   325154509761388.     
   324802229685807.     
   324450712121212.     
   324099954594595.     
   323749954643628.     
   323400709816613.     
   323052217672414.     
   322704475780409.     
   322357481720430.     
   322011233082707.     
   321665727467811.     
   321320962486602.     
   320976935760171.     
   320633644919786.     
   320291087606838.     
   319949261472786.     
   319608164179104.     
   319267793397231.     
   318928146808511.     
   318589222104144.     
   318251016985138.     
   317913529162248.     
   317576756355932.     
   317240696296296.     
   316905346723044.     
   316570705385428.     
   316236770042194.     
   315903538461538.     
   315571008421053.     
   315239177707676.     
   314908044117647.     
   314577605456453.     
   314247859538784.     
   313918804188482.     
   313590437238494.     
   313262756530826.     
   312935759916493.     
   312609445255474.     
   312283810416667.     
   311958853277836.     
   311634571725572.     
   311310963655244.     
   310988026970954.     
   310665759585492.     
   310344159420290.     
   310023224405377.     
   309702952479339.     
   309383341589267.     
   309064389690722.     
   308746094747683.     
   308428454732510.     
   308111467625899.     
   307795131416838.     
   307479444102564.     
   307164403688525.     
   306850008188332.     
   306536255623722.     
   306223144024515.     
   305910671428571.     
   305598835881753.     
   305287635437882.     
   304977068158698.     
   304667132113821.     
   304357825380711.     
   304049146044625.     
   303741092198582.     
   303433661943320.     
   303126853387260.     
   302820664646465.     
   302515093844601.     
   302210139112903.     
   301905798590131.     
   301602070422535.     
   301298952763819.     
   300996443775100.     
   300694541624875.     
   300393244488978.     
   300092550550551.     
   299792458000000.     
   299492965034965.     
   299194069860279.     
   298895770687936.     
   298598065737052.     
